4 0.39206349206349206 0.4081920903954802 0.12380952380952381 0.11016949152542373
4 0.3968253968253968 0.2570621468926554 0.06031746031746032 0.06779661016949153
4 0.4087301587301587 0.192090395480226 0.05238095238095238 0.05649717514124294
0 0.29444444444444445 0.2019774011299435 0.09047619047619047 0.12146892655367232
4 0.07777777777777778 0.480225988700565 0.08888888888888889 0.15819209039548024
4 0.14047619047619048 0.4971751412429379 0.1 0.14124293785310735
4 0.049206349206349205 0.7768361581920904 0.09841269841269841 0.1638418079096045
4 0.15476190476190477 0.6031073446327684 0.09682539682539683 0.1553672316384181
7 0.23492063492063492 0.3629943502824859 0.0761904761904762 0.11016949152542373
6 0.9531746031746032 0.4590395480225989 0.09365079365079365 0.1553672316384181
4 0.85 0.384180790960452 0.06825396825396825 0.07909604519774012
5 0.8150793650793651 0.5861581920903954 0.05555555555555555 0.09322033898305085
5 0.9801587301587301 0.6313559322033898 0.03968253968253968 0.08192090395480225
5 0.6849206349206349 0.5070621468926554 0.05555555555555555 0.07062146892655367
5 0.32857142857142857 0.4901129943502825 0.031746031746031744 0.09322033898305085
5 0.1984126984126984 0.6793785310734464 0.05714285714285714 0.09887005649717515
5 0.3007936507936508 0.9449152542372882 0.08412698412698413 0.10451977401129943
5 0.33174603174603173 0.8333333333333334 0.07301587301587302 0.11299435028248588
5 0.4119047619047619 0.8361581920903954 0.05873015873015873 0.12994350282485875
5 0.1484126984126984 0.6963276836158192 0.046031746031746035 0.09887005649717515
5 0.2388888888888889 0.2330508474576271 0.01746031746031746 0.0423728813559322
5 0.376984126984127 0.3093220338983051 0.03333333333333333 0.059322033898305086
5 0.27936507936507937 0.5451977401129944 0.044444444444444446 0.0903954802259887
5 0.4579365079365079 0.2189265536723164 0.014285714285714285 0.05367231638418079
5 0.49603174603174605 0.2542372881355932 0.014285714285714285 0.062146892655367235
5 0.7373015873015873 0.3432203389830508 0.03968253968253968 0.06497175141242938
5 0.7158730158730159 0.2768361581920904 0.02857142857142857 0.05084745762711865