0 0.903968253968254 0.4745762711864407 0.19206349206349208 0.2768361581920904
4 0.6547619047619048 0.3531073446327684 0.1 0.10734463276836158
4 0.04523809523809524 0.826271186440678 0.09047619047619047 0.2288135593220339
6 0.173015873015873 0.346045197740113 0.09523809523809523 0.1440677966101695
7 0.15 0.4562146892655367 0.0873015873015873 0.1271186440677966
4 0.2253968253968254 0.5211864406779662 0.11428571428571428 0.1553672316384181
4 0.28809523809523807 0.3022598870056497 0.07142857142857142 0.07909604519774012
4 0.3047619047619048 0.346045197740113 0.07936507936507936 0.09322033898305085
4 0.3349206349206349 0.192090395480226 0.044444444444444446 0.05084745762711865
4 0.3888888888888889 0.2062146892655367 0.047619047619047616 0.05649717514124294
4 0.4023809523809524 0.16101694915254236 0.04285714285714286 0.05084745762711865
7 0.38333333333333336 0.1483050847457627 0.049206349206349205 0.059322033898305086
0 0.4373015873015873 0.11016949152542373 0.05238095238095238 0.062146892655367235
5 0.846031746031746 0.538135593220339 0.047619047619047616 0.09322033898305085
5 0.7658730158730159 0.3672316384180791 0.03650793650793651 0.062146892655367235
5 0.7388888888888889 0.3432203389830508 0.03650793650793651 0.06497175141242938
5 0.7158730158730159 0.2754237288135593 0.02857142857142857 0.05367231638418079
5 0.5587301587301587 0.4110169491525424 0.031746031746031744 0.08757062146892655
5 0.3984126984126984 0.422316384180791 0.0380952380952381 0.09322033898305085
5 0.34206349206349207 0.4901129943502825 0.046031746031746035 0.09322033898305085
5 0.4111111111111111 0.3629943502824859 0.02857142857142857 0.07627118644067797
5 0.36904761904761907 0.4152542372881356 0.03650793650793651 0.0847457627118644
5 0.3277777777777778 0.4562146892655367 0.03650793650793651 0.08192090395480225
5 0.2857142857142857 0.5522598870056498 0.044444444444444446 0.09322033898305085
5 0.24682539682539684 0.5480225988700564 0.03333333333333333 0.096045197740113
5 0.14285714285714285 0.614406779661017 0.0380952380952381 0.10451977401129943
5 0.14285714285714285 0.5423728813559322 0.03492063492063492 0.05649717514124294
5 0.0865079365079365 0.8149717514124294 0.05873015873015873 0.11016949152542373
5 0.30238095238095236 0.9491525423728814 0.08412698412698413 0.1016949152542373
5 0.4111111111111111 0.8361581920903954 0.05396825396825397 0.13559322033898305
5 0.3277777777777778 0.8361581920903954 0.08412698412698413 0.12429378531073447
5 0.28809523809523807 0.8008474576271186 0.05873015873015873 0.1327683615819209
5 0.5158730158730159 0.24717514124293785 0.015873015873015872 0.059322033898305086
5 0.5619047619047619 0.326271186440678 0.015873015873015872 0.07062146892655367
5 0.5388888888888889 0.3601694915254237 0.01746031746031746 0.07627118644067797
5 0.5198412698412699 0.346045197740113 0.020634920634920634 0.08192090395480225
5 0.4587301587301587 0.3361581920903955 0.01904761904761905 0.0847457627118644
5 0.4857142857142857 0.3418079096045198 0.015873015873015872 0.0847457627118644
5 0.5079365079365079 0.3121468926553672 0.01904761904761905 0.07062146892655367
5 0.38095238095238093 0.3121468926553672 0.022222222222222223 0.06497175141242938
5 0.35079365079365077 0.3601694915254237 0.025396825396825397 0.07627118644067797
5 0.3357142857142857 0.2824858757062147 0.03015873015873016 0.05084745762711865
5 0.36587301587301585 0.2711864406779661 0.03333333333333333 0.05649717514124294
5 0.37777777777777777 0.2344632768361582 0.015873015873015872 0.05084745762711865
5 0.20873015873015874 0.2641242937853107 0.023809523809523808 0.0423728813559322
5 0.23412698412698413 0.25 0.01746031746031746 0.05367231638418079