5 0.733203125 0.4797101449275362 0.03828125 0.13333333333333333
5 0.690234375 0.4623188405797101 0.03984375 0.11304347826086956
5 0.6671875 0.36231884057971014 0.0265625 0.0927536231884058
5 0.63515625 0.37028985507246376 0.028125 0.08840579710144927
4 0.2453125 0.4514492753623188 0.0625 0.1144927536231884
4 0.108203125 0.8847826086956522 0.15078125 0.23043478260869565
7 0.28359375 0.586231884057971 0.1078125 0.2826086956521739
5 0.13828125 0.5855072463768116 0.03125 0.13043478260869565
5 0.17734375 0.48478260869565215 0.025 0.09130434782608696
5 0.0453125 0.722463768115942 0.0484375 0.16956521739130434
5 0.84453125 0.6152173913043478 0.046875 0.14347826086956522
4 0.354296875 0.3630434782608696 0.05234375 0.11739130434782609