0 0.6023809523809524 0.3050847457627119 0.1761904761904762 0.2033898305084746
4 0.4579365079365079 0.2542372881355932 0.07777777777777778 0.07344632768361582
6 0.3619047619047619 0.1850282485875706 0.05714285714285714 0.08757062146892655
4 0.2984126984126984 0.2994350282485876 0.05714285714285714 0.06779661016949153
4 0.19206349206349208 0.4251412429378531 0.08571428571428572 0.12146892655367232
4 0.2753968253968254 0.384180790960452 0.08412698412698413 0.096045197740113
7 0.04523809523809524 0.6242937853107344 0.09047619047619047 0.1751412429378531
4 0.1619047619047619 0.5889830508474576 0.11428571428571428 0.16666666666666666
4 0.9619047619047619 0.4350282485875706 0.0761904761904762 0.096045197740113
4 0.8468253968253968 0.3771186440677966 0.0746031746031746 0.07627118644067797
5 0.29285714285714287 0.905367231638418 0.09047619047619047 0.1440677966101695
5 0.19444444444444445 0.7274011299435028 0.049206349206349205 0.11016949152542373
5 0.41349206349206347 0.8361581920903954 0.06190476190476191 0.13559322033898305
5 0.7150793650793651 0.2740112994350282 0.03015873015873016 0.05084745762711865
5 0.7373015873015873 0.3432203389830508 0.03968253968253968 0.05367231638418079
5 0.4928571428571429 0.4392655367231638 0.03015873015873016 0.09322033898305085
5 0.5238095238095238 0.4011299435028249 0.025396825396825397 0.0903954802259887
5 0.29285714285714287 0.5254237288135594 0.03650793650793651 0.1016949152542373
5 0.5865079365079365 0.3714689265536723 0.03968253968253968 0.07062146892655367