5 0.35793650793650794 0.9124293785310734 0.04285714285714286 0.12994350282485875
5 0.5047619047619047 0.9350282485875706 0.07936507936507936 0.11299435028248588
5 0.4238095238095238 0.8022598870056498 0.050793650793650794 0.10734463276836158
5 0.4880952380952381 0.7062146892655368 0.049206349206349205 0.10734463276836158
5 0.5642857142857143 0.6751412429378532 0.05238095238095238 0.096045197740113
5 0.2571428571428571 0.943502824858757 0.06666666666666667 0.11299435028248588
3 0.2 0.807909604519774 0.05396825396825397 0.11299435028248588
5 0.07539682539682539 0.9152542372881356 0.05873015873015873 0.10734463276836158
5 0.3119047619047619 0.6242937853107344 0.05238095238095238 0.07909604519774012
5 0.11031746031746031 0.617231638418079 0.03968253968253968 0.07627118644067797
5 0.11904761904761904 0.5692090395480226 0.031746031746031744 0.05367231638418079
5 0.014285714285714285 0.6680790960451978 0.02857142857142857 0.07627118644067797
4 0.4174603174603175 0.4293785310734463 0.05714285714285714 0.06779661016949153
4 0.5087301587301587 0.3290960451977401 0.020634920634920634 0.0423728813559322
4 0.7642857142857142 0.576271186440678 0.10634920634920635 0.12994350282485875
4 0.9738095238095238 0.596045197740113 0.05238095238095238 0.07909604519774012
6 0.8539682539682539 0.5240112994350282 0.10476190476190476 0.1384180790960452
6 0.5357142857142857 0.4463276836158192 0.1126984126984127 0.14689265536723164
0 0.36666666666666664 0.3319209039548023 0.12063492063492064 0.06497175141242938
0 0.23809523809523808 0.3644067796610169 0.047619047619047616 0.07909604519774012
4 0.21746031746031746 0.4533898305084746 0.05396825396825397 0.07062146892655367
4 0.4873015873015873 0.5932203389830508 0.050793650793650794 0.07344632768361582
4 0.3373015873015873 0.5451977401129944 0.04285714285714286 0.07344632768361582
4 0.3888888888888889 0.538135593220339 0.04126984126984127 0.059322033898305086
4 0.43492063492063493 0.518361581920904 0.04126984126984127 0.07062146892655367
4 0.2777777777777778 0.4774011299435028 0.02857142857142857 0.05649717514124294
4 0.3253968253968254 0.5 0.03492063492063492 0.062146892655367235
4 0.28095238095238095 0.4152542372881356 0.01904761904761905 0.04519774011299435
4 0.3119047619047619 0.4364406779661017 0.01746031746031746 0.05367231638418079
4 0.3484126984126984 0.4350282485875706 0.01746031746031746 0.05649717514124294
4 0.326984126984127 0.4110169491525424 0.015873015873015872 0.05367231638418079
4 0.346031746031746 0.3940677966101695 0.015873015873015872 0.0480225988700565
4 0.36587301587301585 0.4081920903954802 0.014285714285714285 0.0480225988700565
4 0.17777777777777778 0.5790960451977402 0.02857142857142857 0.07909604519774012
4 0.4650793650793651 0.4689265536723164 0.025396825396825397 0.062146892655367235
4 0.42777777777777776 0.4562146892655367 0.020634920634920634 0.059322033898305086
4 0.3968253968253968 0.4971751412429379 0.031746031746031744 0.062146892655367235
4 0.3888888888888889 0.4491525423728814 0.022222222222222223 0.05649717514124294
4 0.5158730158730159 0.4971751412429379 0.031746031746031744 0.06779661016949153
4 0.6452380952380953 0.672316384180791 0.05238095238095238 0.0847457627118644
4 0.7166666666666667 0.7090395480225988 0.05555555555555555 0.07909604519774012
4 0.04206349206349207 0.7542372881355932 0.03650793650793651 0.0903954802259887