4 0.37777777777777777 0.4138418079096045 0.11746031746031746 0.11581920903954802
4 0.10873015873015873 0.442090395480226 0.0873015873015873 0.1384180790960452
4 0.15873015873015872 0.6101694915254238 0.11746031746031746 0.15819209039548024
7 0.23174603174603176 0.3629943502824859 0.0761904761904762 0.11016949152542373
4 0.39444444444444443 0.2641242937853107 0.05873015873015873 0.07627118644067797
4 0.4023809523809524 0.20056497175141244 0.05238095238095238 0.05084745762711865
7 0.13095238095238096 0.3149717514124294 0.0746031746031746 0.11016949152542373
4 0.1380952380952381 0.5042372881355932 0.10158730158730159 0.1384180790960452
4 0.8507936507936508 0.3799435028248588 0.06666666666666667 0.08192090395480225
6 0.9547619047619048 0.4562146892655367 0.09047619047619047 0.1497175141242938
0 0.30793650793650795 0.192090395480226 0.08888888888888889 0.11299435028248588
5 0.30238095238095236 0.942090395480226 0.08412698412698413 0.11016949152542373
5 0.32857142857142857 0.8361581920903954 0.08571428571428572 0.12429378531073447
5 0.4119047619047619 0.8403954802259888 0.05873015873015873 0.1327683615819209
5 0.6460317460317461 0.5112994350282486 0.050793650793650794 0.0847457627118644
5 0.776984126984127 0.5649717514124294 0.05555555555555555 0.1016949152542373
5 0.9388888888888889 0.6059322033898306 0.046031746031746035 0.08757062146892655
5 0.35873015873015873 0.3220338983050847 0.03492063492063492 0.06779661016949153
5 0.26825396825396824 0.557909604519774 0.044444444444444446 0.08757062146892655
5 0.319047619047619 0.5042372881355932 0.03492063492063492 0.09322033898305085
5 0.1365079365079365 0.7203389830508474 0.05396825396825397 0.10734463276836158
5 0.18888888888888888 0.6850282485875706 0.050793650793650794 0.11016949152542373
4 0.046825396825396826 0.7740112994350282 0.09365079365079365 0.15254237288135594
7 0.4007936507936508 0.1271186440677966 0.04285714285714286 0.03954802259887006
4 0.44761904761904764 0.11016949152542373 0.031746031746031744 0.03954802259887006
5 0.2849206349206349 0.4971751412429379 0.03650793650793651 0.0903954802259887
5 0.4507936507936508 0.2330508474576271 0.015873015873015872 0.059322033898305086
5 0.4928571428571429 0.268361581920904 0.014285714285714285 0.06779661016949153
5 0.557936507936508 0.23587570621468926 0.011111111111111112 0.05367231638418079
5 0.5753968253968254 0.2274011299435028 0.011111111111111112 0.05367231638418079
5 0.7357142857142858 0.3432203389830508 0.03650793650793651 0.06497175141242938
5 0.7174603174603175 0.2782485875706215 0.031746031746031744 0.05367231638418079