5 0.457421875 0.7326388888888888 0.16015625 0.4375
5 0.9234375 0.7368055555555556 0.153125 0.3402777777777778
5 0.87109375 0.5763888888888888 0.109375 0.2388888888888889
5 0.78359375 0.5881944444444445 0.1171875 0.2652777777777778
5 0.66328125 0.5576388888888889 0.103125 0.2791666666666667
5 0.6046875 0.49027777777777776 0.0625 0.21944444444444444
5 0.51171875 0.4125 0.0625 0.19444444444444445
5 0.46484375 0.37222222222222223 0.0421875 0.16944444444444445
5 0.48125 0.22361111111111112 0.0296875 0.12777777777777777
5 0.394140625 0.3076388888888889 0.03046875 0.13194444444444445
5 0.3765625 0.275 0.0265625 0.11666666666666667
5 0.346484375 0.2326388888888889 0.02265625 0.09027777777777778
5 0.370703125 0.21736111111111112 0.02421875 0.07361111111111111
5 0.28828125 0.3819444444444444 0.04375 0.18055555555555555
5 0.195703125 0.40208333333333335 0.04453125 0.19027777777777777
4 0.320703125 0.16875 0.03359375 0.05416666666666667