4 0.1246031746031746 0.5451977401129944 0.07142857142857142 0.0903954802259887
4 0.5261904761904762 0.480225988700565 0.0746031746031746 0.0847457627118644
0 0.44206349206349205 0.3305084745762712 0.1253968253968254 0.06779661016949153
0 0.2388888888888889 0.3742937853107345 0.046031746031746035 0.09322033898305085
6 0.28888888888888886 0.3361581920903955 0.044444444444444446 0.05649717514124294
6 0.32301587301587303 0.3559322033898305 0.05238095238095238 0.05649717514124294
6 0.8547619047619047 0.5268361581920904 0.10952380952380952 0.1327683615819209
6 0.7158730158730159 0.5268361581920904 0.14285714285714285 0.19491525423728814
4 0.9380952380952381 0.6581920903954802 0.10793650793650794 0.13559322033898305
4 0.969047619047619 0.5988700564971752 0.06190476190476191 0.0847457627118644
5 0.319047619047619 0.8531073446327684 0.06031746031746032 0.11864406779661017
5 0.37777777777777777 0.9152542372881356 0.050793650793650794 0.14124293785310735
5 0.06587301587301587 0.6271186440677966 0.03650793650793651 0.07344632768361582
5 0.11984126984126985 0.653954802259887 0.03650793650793651 0.08192090395480225
5 0.1634920634920635 0.6271186440677966 0.031746031746031744 0.0847457627118644
5 0.013492063492063493 0.6652542372881356 0.026984126984126985 0.07627118644067797
5 0.14444444444444443 0.7782485875706214 0.04126984126984127 0.07627118644067797
5 0.15396825396825398 0.846045197740113 0.05396825396825397 0.12146892655367232
5 0.44603174603174606 0.7853107344632768 0.03492063492063492 0.10734463276836158
5 0.3968253968253968 0.6822033898305084 0.025396825396825397 0.11016949152542373
5 0.5079365079365079 0.6751412429378532 0.050793650793650794 0.096045197740113
5 0.5547619047619048 0.6822033898305084 0.05555555555555555 0.08757062146892655
5 0.5063492063492063 0.576271186440678 0.04126984126984127 0.07344632768361582
5 0.526984126984127 0.5324858757062146 0.03492063492063492 0.06497175141242938
5 0.49126984126984125 0.5282485875706214 0.03333333333333333 0.062146892655367235
5 0.35793650793650794 0.4901129943502825 0.023809523809523808 0.06497175141242938
5 0.3404761904761905 0.4463276836158192 0.01746031746031746 0.05649717514124294
5 0.2626984126984127 0.4731638418079096 0.020634920634920634 0.05367231638418079
5 0.30238095238095236 0.442090395480226 0.01746031746031746 0.05367231638418079
5 0.4515873015873016 0.461864406779661 0.023809523809523808 0.06497175141242938
5 0.44285714285714284 0.4731638418079096 0.025396825396825397 0.059322033898305086
5 0.41984126984126985 0.5211864406779662 0.03650793650793651 0.07062146892655367
5 0.2833333333333333 0.4590395480225989 0.023809523809523808 0.059322033898305086
5 0.5984126984126984 0.6031073446327684 0.04126984126984127 0.08757062146892655
5 0.6404761904761904 0.6822033898305084 0.049206349206349205 0.07627118644067797
5 0.6817460317460318 0.6313559322033898 0.046031746031746035 0.07627118644067797
5 0.7436507936507937 0.7019774011299436 0.05555555555555555 0.08192090395480225
5 0.7428571428571429 0.6271186440677966 0.047619047619047616 0.0847457627118644
5 0.05952380952380952 0.9562146892655368 0.05873015873015873 0.08757062146892655
5 0.20396825396825397 0.8290960451977402 0.05555555555555555 0.09887005649717515
5 0.5880952380952381 0.53954802259887 0.03968253968253968 0.06779661016949153
5 0.823015873015873 0.6624293785310734 0.049206349206349205 0.08192090395480225
5 0.834920634920635 0.7641242937853108 0.05396825396825397 0.09322033898305085
5 0.85 0.692090395480226 0.04285714285714286 0.062146892655367235
5 0.9619047619047619 0.7203389830508474 0.04126984126984127 0.07344632768361582
5 0.24047619047619048 0.4322033898305085 0.014285714285714285 0.04519774011299435