4 0.5547619047619048 0.3912429378531073 0.11904761904761904 0.09887005649717515
6 0.9571428571428572 0.4548022598870056 0.08571428571428572 0.14689265536723164
4 0.07222222222222222 0.7584745762711864 0.14444444444444443 0.2288135593220339
0 0.20634920634920634 0.2711864406779661 0.11428571428571428 0.1694915254237288
4 0.14682539682539683 0.4858757062146893 0.09047619047619047 0.14689265536723164
4 0.2119047619047619 0.538135593220339 0.1126984126984127 0.1497175141242938
7 0.26587301587301587 0.3192090395480226 0.0746031746031746 0.0903954802259887
4 0.43492063492063493 0.21610169491525424 0.047619047619047616 0.059322033898305086
4 0.4507936507936508 0.15819209039548024 0.04126984126984127 0.04519774011299435
4 0.8523809523809524 0.3771186440677966 0.06349206349206349 0.08192090395480225
5 0.30238095238095236 0.942090395480226 0.0873015873015873 0.11016949152542373
5 0.24603174603174602 0.8813559322033898 0.06031746031746032 0.13559322033898305
5 0.326984126984127 0.8361581920903954 0.08253968253968254 0.12994350282485875
5 0.4111111111111111 0.8403954802259888 0.05714285714285714 0.1327683615819209
5 0.20634920634920634 0.692090395480226 0.044444444444444446 0.10734463276836158
5 0.16984126984126985 0.711864406779661 0.044444444444444446 0.11299435028248588
5 0.28015873015873016 0.5423728813559322 0.03650793650793651 0.096045197740113
5 0.3404761904761905 0.4759887005649718 0.03968253968253968 0.09322033898305085
5 0.39206349206349206 0.4081920903954802 0.03492063492063492 0.09322033898305085
5 0.473015873015873 0.211864406779661 0.015873015873015872 0.05084745762711865
5 0.7380952380952381 0.3432203389830508 0.0380952380952381 0.06497175141242938
5 0.7150793650793651 0.2711864406779661 0.03015873015873016 0.05084745762711865
5 0.8714285714285714 0.442090395480226 0.0380952380952381 0.07062146892655367
5 0.9277777777777778 0.615819209039548 0.046031746031746035 0.0847457627118644