6 0.36507936507936506 0.3601694915254237 0.06984126984126984 0.07627118644067797
4 0.2119047619047619 0.4519774011299435 0.046031746031746035 0.05649717514124294
4 0.3825396825396825 0.4590395480225989 0.08888888888888889 0.07062146892655367
4 0.4880952380952381 0.384180790960452 0.06190476190476191 0.05649717514124294
4 0.5857142857142857 0.4180790960451977 0.05714285714285714 0.05649717514124294
4 0.5777777777777777 0.5070621468926554 0.10158730158730159 0.11016949152542373
4 0.7007936507936507 0.5833333333333334 0.05555555555555555 0.1327683615819209
4 0.953968253968254 0.5451977401129944 0.06666666666666667 0.06779661016949153
3 0.20396825396825397 0.7994350282485876 0.04285714285714286 0.11299435028248588
5 0.28174603174603174 0.5070621468926554 0.03968253968253968 0.06497175141242938
5 0.40714285714285714 0.5522598870056498 0.03968253968253968 0.07627118644067797
5 0.44285714285714284 0.5423728813559322 0.04126984126984127 0.07909604519774012
5 0.515079365079365 0.7231638418079096 0.05555555555555555 0.0903954802259887
5 0.5507936507936508 0.6242937853107344 0.050793650793650794 0.0847457627118644
5 0.6484126984126984 0.692090395480226 0.05873015873015873 0.0847457627118644
5 0.8380952380952381 0.6271186440677966 0.044444444444444446 0.07909604519774012
5 0.796031746031746 0.5494350282485876 0.03968253968253968 0.06497175141242938