6 0.31587301587301586 0.3389830508474576 0.05714285714285714 0.062146892655367235
0 0.36587301587301585 0.3149717514124294 0.06507936507936508 0.05367231638418079
4 0.5238095238095238 0.4943502824858757 0.10158730158730159 0.096045197740113
4 0.4658730158730159 0.4463276836158192 0.08095238095238096 0.05649717514124294
4 0.4849206349206349 0.3799435028248588 0.05873015873015873 0.05367231638418079
4 0.6333333333333333 0.4463276836158192 0.08571428571428572 0.06779661016949153
4 0.7 0.559322033898305 0.06984126984126984 0.11864406779661017
4 0.7619047619047619 0.4901129943502825 0.06666666666666667 0.07062146892655367
4 0.24603174603174602 0.4152542372881356 0.03492063492063492 0.05649717514124294
5 0.41984126984126985 0.8022598870056498 0.05238095238095238 0.11299435028248588
5 0.5738095238095238 0.6963276836158192 0.05555555555555555 0.09322033898305085
5 0.34444444444444444 0.5211864406779662 0.03492063492063492 0.07062146892655367
5 0.38095238095238093 0.5070621468926554 0.03492063492063492 0.07627118644067797
5 0.8357142857142857 0.7598870056497176 0.05555555555555555 0.096045197740113
5 0.046031746031746035 0.7542372881355932 0.0380952380952381 0.096045197740113
5 0.39444444444444443 0.4774011299435028 0.026984126984126985 0.062146892655367235