6 0.7420634920634921 0.5692090395480226 0.14126984126984127 0.17796610169491525
6 0.7317460317460317 0.4392655367231638 0.13968253968253969 0.12146892655367232
4 0.973015873015873 0.5932203389830508 0.05396825396825397 0.07909604519774012
4 0.5174603174603175 0.4562146892655367 0.07936507936507936 0.059322033898305086
4 0.3523809523809524 0.3954802259887006 0.050793650793650794 0.06779661016949153
3 0.2 0.8050847457627118 0.05396825396825397 0.12429378531073447
5 0.430952380952381 0.5240112994350282 0.03650793650793651 0.07627118644067797
5 0.476984126984127 0.576271186440678 0.04285714285714286 0.07344632768361582
5 0.5349206349206349 0.5621468926553672 0.04126984126984127 0.0847457627118644
5 0.7428571428571429 0.713276836158192 0.06031746031746032 0.09322033898305085
5 0.8420634920634921 0.6709039548022598 0.049206349206349205 0.08192090395480225
5 0.8373015873015873 0.7401129943502824 0.05238095238095238 0.062146892655367235