4 0.295703125 0.17847222222222223 0.05234375 0.07916666666666666
5 0.777734375 0.6576388888888889 0.13515625 0.3236111111111111
5 0.9203125 0.7006944444444444 0.159375 0.31527777777777777
5 0.857421875 0.5541666666666667 0.11796875 0.24166666666666667
5 0.70625 0.5277777777777778 0.103125 0.24444444444444444
5 0.5546875 0.4701388888888889 0.075 0.2263888888888889
5 0.50078125 0.40694444444444444 0.0546875 0.19444444444444445
5 0.473828125 0.3138888888888889 0.04140625 0.13333333333333333
5 0.3765625 0.35 0.04375 0.14722222222222223
5 0.251953125 0.24097222222222223 0.02265625 0.10138888888888889
5 0.18828125 0.27569444444444446 0.0265625 0.11527777777777778
5 0.212109375 0.49027777777777776 0.06640625 0.24722222222222223
4 0.3296875 0.17152777777777778 0.0296875 0.05138888888888889