0 0.9198412698412698 0.4971751412429379 0.16031746031746033 0.2598870056497175
6 0.14603174603174604 0.3742937853107345 0.09841269841269841 0.16101694915254236
4 0.8468253968253968 0.3672316384180791 0.05555555555555555 0.05649717514124294
4 0.680952380952381 0.3672316384180791 0.09523809523809523 0.10734463276836158
4 0.3984126984126984 0.19915254237288135 0.0380952380952381 0.0480225988700565
4 0.32857142857142857 0.19915254237288135 0.044444444444444446 0.05367231638418079
4 0.29444444444444445 0.2909604519774011 0.06825396825396825 0.07344632768361582
4 0.30793650793650795 0.3474576271186441 0.08253968253968254 0.0847457627118644
4 0.23095238095238096 0.5141242937853108 0.11587301587301588 0.15254237288135594
4 0.046825396825396826 0.7980225988700564 0.09365079365079365 0.2062146892655367
7 0.15396825396825398 0.4491525423728814 0.0761904761904762 0.11864406779661017
5 0.35873015873015873 0.4731638418079096 0.044444444444444446 0.09322033898305085
5 0.4119047619047619 0.403954802259887 0.03650793650793651 0.0847457627118644
5 0.5738095238095238 0.3884180790960452 0.026984126984126985 0.08192090395480225
5 0.5388888888888889 0.3531073446327684 0.020634920634920634 0.07909604519774012
5 0.5198412698412699 0.3389830508474576 0.020634920634920634 0.07909604519774012
5 0.48968253968253966 0.3290960451977401 0.020634920634920634 0.07627118644067797
5 0.1484126984126984 0.5861581920903954 0.03333333333333333 0.11016949152542373