6 0.5047619047619047 0.4774011299435028 0.11428571428571428 0.1638418079096045
4 0.7388888888888889 0.5169491525423728 0.09047619047619047 0.0847457627118644
0 0.9571428571428572 0.538135593220339 0.08571428571428572 0.1440677966101695
4 0.55 0.4632768361581921 0.046031746031746035 0.07344632768361582
4 0.31666666666666665 0.3714689265536723 0.03650793650793651 0.05367231638418079
4 0.3738095238095238 0.3573446327683616 0.04285714285714286 0.0423728813559322
4 0.34285714285714286 0.3361581920903955 0.03492063492063492 0.03389830508474576
4 0.2388888888888889 0.3601694915254237 0.026984126984126985 0.03672316384180791
4 0.2634920634920635 0.3714689265536723 0.025396825396825397 0.03672316384180791
4 0.5214285714285715 0.3220338983050847 0.023809523809523808 0.03954802259887006
3 0.20317460317460317 0.8050847457627118 0.047619047619047616 0.10734463276836158
5 0.3468253968253968 0.8700564971751412 0.05555555555555555 0.12429378531073447
5 0.07698412698412699 0.9138418079096046 0.05873015873015873 0.09887005649717515
5 0.14682539682539683 0.8728813559322034 0.05238095238095238 0.1016949152542373
5 0.10396825396825397 0.5451977401129944 0.03333333333333333 0.07344632768361582
5 0.11507936507936507 0.480225988700565 0.020634920634920634 0.05649717514124294
5 0.44365079365079363 0.634180790960452 0.05555555555555555 0.08192090395480225
5 0.4888888888888889 0.7259887005649718 0.05396825396825397 0.0903954802259887
5 0.3547619047619048 0.5042372881355932 0.026984126984126985 0.07627118644067797
5 0.28888888888888886 0.4774011299435028 0.025396825396825397 0.05649717514124294
5 0.43174603174603177 0.5282485875706214 0.031746031746031744 0.07344632768361582
5 0.39285714285714285 0.4971751412429379 0.026984126984126985 0.06779661016949153
5 0.48253968253968255 0.5211864406779662 0.025396825396825397 0.06497175141242938
5 0.5055555555555555 0.5522598870056498 0.03333333333333333 0.07627118644067797
5 0.6880952380952381 0.6850282485875706 0.05238095238095238 0.07627118644067797
5 0.9238095238095239 0.7175141242937854 0.04126984126984127 0.0847457627118644
5 0.9777777777777777 0.71045197740113 0.04126984126984127 0.08757062146892655
5 0.6285714285714286 0.5790960451977402 0.050793650793650794 0.0903954802259887
5 0.49603174603174605 0.3672316384180791 0.01746031746031746 0.03954802259887006