5 0.19609375 0.9402777777777778 0.053125 0.11666666666666667
5 0.0375 0.9034722222222222 0.04375 0.15138888888888888
4 0.540234375 0.9527777777777777 0.18515625 0.09444444444444444
6 0.912109375 0.8819444444444444 0.17421875 0.2361111111111111
4 0.9140625 0.7243055555555555 0.0546875 0.07361111111111111
2 0.63515625 0.7 0.1140625 0.16944444444444445
2 0.753125 0.6506944444444445 0.1171875 0.15416666666666667
2 0.819140625 0.6180555555555556 0.06796875 0.1111111111111111
4 0.26015625 0.7673611111111112 0.121875 0.12638888888888888
4 0.16640625 0.7958333333333333 0.1234375 0.1361111111111111
4 0.065234375 0.8152777777777778 0.11015625 0.14444444444444443
4 0.05234375 0.7256944444444444 0.09375 0.09027777777777778