0 0.25476190476190474 0.23022598870056496 0.10634920634920635 0.1384180790960452
4 0.4658730158730159 0.3912429378531073 0.11587301587301588 0.09322033898305085
4 0.05396825396825397 0.7612994350282486 0.10793650793650794 0.18926553672316385
4 0.18492063492063493 0.5649717514124294 0.10952380952380952 0.15254237288135594
4 0.14603174603174604 0.4915254237288136 0.09523809523809523 0.12994350282485875
4 0.42698412698412697 0.1751412429378531 0.044444444444444446 0.04519774011299435
4 0.4166666666666667 0.23728813559322035 0.05555555555555555 0.05649717514124294
4 0.85 0.3771186440677966 0.06507936507936508 0.07627118644067797
7 0.24206349206349206 0.3531073446327684 0.07777777777777778 0.1016949152542373
7 0.04206349206349207 0.3912429378531073 0.07777777777777778 0.12146892655367232
6 0.9515873015873015 0.442090395480226 0.09682539682539683 0.1327683615819209
5 0.3253968253968254 0.4901129943502825 0.04126984126984127 0.09322033898305085
5 0.35634920634920636 0.4322033898305085 0.026984126984126985 0.0903954802259887
5 0.33095238095238094 0.4194915254237288 0.026984126984126985 0.08192090395480225
5 0.3198412698412698 0.3870056497175141 0.03015873015873016 0.07344632768361582
5 0.29285714285714287 0.3714689265536723 0.03015873015873016 0.07062146892655367
5 0.803968253968254 0.556497175141243 0.05555555555555555 0.0847457627118644
5 0.919047619047619 0.6511299435028248 0.050793650793650794 0.09322033898305085
5 0.43492063492063493 0.2542372881355932 0.022222222222222223 0.05649717514124294
5 0.14285714285714285 0.3983050847457627 0.031746031746031744 0.06779661016949153