0 0.19682539682539682 0.2853107344632768 0.12063492063492064 0.1694915254237288
4 0.07380952380952381 0.7344632768361582 0.1380952380952381 0.20903954802259886
4 0.15793650793650793 0.4759887005649718 0.1 0.1271186440677966
4 0.21825396825396826 0.5268361581920904 0.1126984126984127 0.1497175141242938
4 0.5674603174603174 0.3912429378531073 0.1126984126984127 0.09887005649717515
4 0.8507936507936508 0.3771186440677966 0.06666666666666667 0.07627118644067797
4 0.4388888888888889 0.211864406779661 0.046031746031746035 0.05084745762711865
4 0.45476190476190476 0.1553672316384181 0.03968253968253968 0.03954802259887006
6 0.9555555555555556 0.442090395480226 0.08888888888888889 0.1384180790960452
7 0.2714285714285714 0.3192090395480226 0.07301587301587302 0.096045197740113
5 0.40634920634920635 0.3940677966101695 0.03492063492063492 0.09322033898305085
5 0.3547619047619048 0.4632768361581921 0.03968253968253968 0.096045197740113
5 0.2119047619047619 0.6751412429378532 0.04285714285714286 0.10734463276836158
5 0.176984126984127 0.7033898305084746 0.049206349206349205 0.11864406779661017
5 0.2904761904761905 0.5211864406779662 0.03492063492063492 0.09887005649717515
5 0.10396825396825397 0.4152542372881356 0.03333333333333333 0.07344632768361582
5 0.24682539682539684 0.5522598870056498 0.03968253968253968 0.09322033898305085