0 0.7134920634920635 0.3629943502824859 0.20793650793650795 0.2231638418079096
4 0.5293650793650794 0.2838983050847458 0.08412698412698413 0.08192090395480225
4 0.43492063492063493 0.14124293785310735 0.03492063492063492 0.04519774011299435
6 0.30873015873015874 0.23022598870056496 0.07142857142857142 0.11016949152542373
4 0.33174603174603173 0.2641242937853107 0.05396825396825397 0.059322033898305086
4 0.38015873015873014 0.1652542372881356 0.03968253968253968 0.0423728813559322
4 0.28888888888888886 0.3629943502824859 0.07936507936507936 0.09322033898305085
4 0.23333333333333334 0.3700564971751412 0.0761904761904762 0.10734463276836158
7 0.08095238095238096 0.5508474576271186 0.09523809523809523 0.14689265536723164
4 0.19444444444444445 0.5522598870056498 0.1126984126984127 0.16666666666666666
5 0.15714285714285714 0.7033898305084746 0.047619047619047616 0.1016949152542373
5 0.1873015873015873 0.713276836158192 0.050793650793650794 0.10451977401129943
5 0.3357142857142857 0.8531073446327684 0.07142857142857142 0.15819209039548024
5 0.41349206349206347 0.8389830508474576 0.05238095238095238 0.13559322033898305
5 0.37936507936507935 0.6398305084745762 0.050793650793650794 0.11581920903954802
5 0.4253968253968254 0.3912429378531073 0.025396825396825397 0.09322033898305085
5 0.5095238095238095 0.4110169491525424 0.025396825396825397 0.08757062146892655
5 0.530952380952381 0.3629943502824859 0.023809523809523808 0.07627118644067797
5 0.5642857142857143 0.3644067796610169 0.01746031746031746 0.07909604519774012
5 0.4523809523809524 0.4081920903954802 0.031746031746031744 0.08757062146892655
5 0.7738095238095238 0.576271186440678 0.05238095238095238 0.0903954802259887
5 0.676984126984127 0.422316384180791 0.04285714285714286 0.07627118644067797
4 0.9611111111111111 0.4350282485875706 0.0746031746031746 0.096045197740113
4 0.8507936507936508 0.3813559322033898 0.06984126984126984 0.0847457627118644
5 0.8579365079365079 0.422316384180791 0.03968253968253968 0.059322033898305086
7 0.41904761904761906 0.1271186440677966 0.04126984126984127 0.05084745762711865