0 0.6357142857142857 0.3192090395480226 0.18571428571428572 0.2033898305084746
4 0.17936507936507937 0.5692090395480226 0.12380952380952381 0.1384180790960452
4 0.20952380952380953 0.4053672316384181 0.08571428571428572 0.10451977401129943
4 0.28174603174603174 0.3771186440677966 0.08095238095238096 0.09887005649717515
4 0.30634920634920637 0.288135593220339 0.05714285714285714 0.06779661016949153
4 0.4777777777777778 0.2641242937853107 0.07936507936507936 0.07627118644067797
4 0.396031746031746 0.1553672316384181 0.03968253968253968 0.03954802259887006
4 0.8468253968253968 0.3771186440677966 0.0746031746031746 0.08192090395480225
4 0.9619047619047619 0.4364406779661017 0.0761904761904762 0.09887005649717515
7 0.05238095238095238 0.596045197740113 0.09841269841269841 0.15819209039548024
6 0.346031746031746 0.19915254237288135 0.06031746031746032 0.09322033898305085
5 0.676984126984127 0.5310734463276836 0.05873015873015873 0.07909604519774012
5 0.49682539682539684 0.4251412429378531 0.031746031746031744 0.08192090395480225
5 0.5277777777777778 0.3870056497175141 0.023809523809523808 0.0847457627118644
5 0.5642857142857143 0.384180790960452 0.01746031746031746 0.0847457627118644