0 0.423015873015873 0.1172316384180791 0.05555555555555555 0.059322033898305086
0 0.9619047619047619 0.5211864406779662 0.0761904761904762 0.20056497175141244
6 0.06031746031746032 0.480225988700565 0.10793650793650794 0.1977401129943503
4 0.31507936507936507 0.3361581920903955 0.07777777777777778 0.07909604519774012
4 0.05952380952380952 0.7584745762711864 0.11904761904761904 0.19491525423728814
4 0.23809523809523808 0.4971751412429379 0.1111111111111111 0.13559322033898305
4 0.31587301587301586 0.2711864406779661 0.06666666666666667 0.07344632768361582
4 0.3047619047619048 0.2189265536723164 0.050793650793650794 0.05367231638418079
4 0.3674603174603175 0.192090395480226 0.049206349206349205 0.06779661016949153
4 0.4174603174603175 0.18220338983050846 0.044444444444444446 0.0423728813559322
4 0.746031746031746 0.4110169491525424 0.10793650793650794 0.12146892655367232
4 0.8507936507936508 0.3771186440677966 0.06666666666666667 0.08192090395480225
4 0.9619047619047619 0.4152542372881356 0.07301587301587302 0.04519774011299435
7 0.17777777777777778 0.4251412429378531 0.08571428571428572 0.12146892655367232
7 0.353968253968254 0.16101694915254236 0.05396825396825397 0.062146892655367235
5 0.1984126984126984 0.6680790960451978 0.05396825396825397 0.09887005649717515
5 0.39206349206349206 0.6398305084745762 0.050793650793650794 0.11581920903954802
5 0.3619047619047619 0.4830508474576271 0.05396825396825397 0.0847457627118644
5 0.40793650793650793 0.4322033898305085 0.04126984126984127 0.0847457627118644
5 0.35079365079365077 0.403954802259887 0.031746031746031744 0.0847457627118644
5 0.44206349206349205 0.365819209039548 0.03015873015873016 0.08192090395480225
5 0.6039682539682539 0.3361581920903955 0.01746031746031746 0.07344632768361582
5 0.5738095238095238 0.2937853107344633 0.020634920634920634 0.06779661016949153
5 0.55 0.3290960451977401 0.020634920634920634 0.07627118644067797
5 0.3611111111111111 0.2711864406779661 0.03333333333333333 0.05649717514124294
5 0.4007936507936508 0.2740112994350282 0.01746031746031746 0.062146892655367235