4 0.8095238095238095 0.5141242937853108 0.06349206349206349 0.07344632768361582
4 0.503968253968254 0.4858757062146893 0.1 0.1016949152542373
4 0.6738095238095239 0.4562146892655367 0.08095238095238096 0.06497175141242938
4 0.7023809523809523 0.559322033898305 0.07777777777777778 0.11864406779661017
0 0.3825396825396825 0.3234463276836158 0.06984126984126984 0.06497175141242938
6 0.30793650793650795 0.3432203389830508 0.05396825396825397 0.07627118644067797
0 0.5111111111111111 0.3912429378531073 0.06349206349206349 0.059322033898305086
3 0.20952380952380953 0.7951977401129944 0.044444444444444446 0.11016949152542373
3 0.046825396825396826 0.7542372881355932 0.03650793650793651 0.0903954802259887
3 0.01904761904761905 0.7542372881355932 0.031746031746031744 0.1016949152542373
3 0.07698412698412699 0.9110169491525424 0.06190476190476191 0.09887005649717515
5 0.25793650793650796 0.943502824858757 0.06190476190476191 0.11299435028248588
5 0.3753968253968254 0.8601694915254238 0.05873015873015873 0.12146892655367232
5 0.5190476190476191 0.713276836158192 0.05714285714285714 0.09322033898305085
5 0.7563492063492063 0.7231638418079096 0.05873015873015873 0.1016949152542373
5 0.8134920634920635 0.7019774011299436 0.049206349206349205 0.08757062146892655
5 0.7873015873015873 0.6511299435028248 0.050793650793650794 0.08757062146892655
4 0.6047619047619047 0.4774011299435028 0.031746031746031744 0.05649717514124294
5 0.34285714285714286 0.6031073446327684 0.025396825396825397 0.08757062146892655
5 0.30396825396825394 0.5 0.026984126984126985 0.06779661016949153
5 0.34444444444444444 0.4929378531073446 0.031746031746031744 0.07062146892655367
5 0.35079365079365077 0.4632768361581921 0.03492063492063492 0.05649717514124294
5 0.4150793650793651 0.4067796610169492 0.023809523809523808 0.05084745762711865
5 0.45 0.4053672316384181 0.03015873015873016 0.0480225988700565
4 0.2523809523809524 0.4152542372881356 0.03492063492063492 0.062146892655367235
4 0.25793650793650796 0.3531073446327684 0.03015873015873016 0.03954802259887006
5 0.30873015873015874 0.4152542372881356 0.023809523809523808 0.04519774011299435
5 0.35079365079365077 0.4011299435028249 0.015873015873015872 0.04519774011299435
5 0.32936507936507936 0.4180790960451977 0.026984126984126985 0.05084745762711865
5 0.28174603174603174 0.4293785310734463 0.020634920634920634 0.05084745762711865
5 0.25873015873015875 0.4632768361581921 0.022222222222222223 0.05649717514124294
5 0.23095238095238096 0.461864406779661 0.01746031746031746 0.05367231638418079
5 0.15793650793650793 0.5649717514124294 0.03333333333333333 0.06779661016949153
5 0.8865079365079365 0.5720338983050848 0.03333333333333333 0.07062146892655367
5 0.8817460317460317 0.6822033898305084 0.03968253968253968 0.059322033898305086