4 0.503968253968254 0.3912429378531073 0.07142857142857142 0.059322033898305086
4 0.3968253968253968 0.4533898305084746 0.08253968253968254 0.07062146892655367
4 0.5738095238095238 0.5042372881355932 0.09682539682539683 0.10451977401129943
4 0.28888888888888886 0.365819209039548 0.0380952380952381 0.03672316384180791
4 0.21587301587301588 0.4533898305084746 0.050793650793650794 0.06497175141242938
4 0.6 0.4251412429378531 0.06031746031746032 0.059322033898305086
4 0.7047619047619048 0.576271186440678 0.05714285714285714 0.12994350282485875
6 0.3595238095238095 0.3601694915254237 0.06825396825396825 0.08192090395480225
3 0.20873015873015874 0.7994350282485876 0.049206349206349205 0.11299435028248588
5 0.046031746031746035 0.7542372881355932 0.0380952380952381 0.096045197740113
5 0.023015873015873017 0.7429378531073446 0.026984126984126985 0.1016949152542373
5 0.07777777777777778 0.9152542372881356 0.05714285714285714 0.1016949152542373
5 0.25793650793650796 0.942090395480226 0.06190476190476191 0.11016949152542373
5 0.3349206349206349 0.905367231638418 0.06666666666666667 0.09322033898305085
5 0.36507936507936506 0.7782485875706214 0.031746031746031744 0.12146892655367232
5 0.49206349206349204 0.7401129943502824 0.050793650793650794 0.1016949152542373
5 0.38492063492063494 0.5409604519774012 0.03968253968253968 0.07062146892655367
5 0.4238095238095238 0.5310734463276836 0.0380952380952381 0.07344632768361582
5 0.3103174603174603 0.4943502824858757 0.03968253968253968 0.062146892655367235
5 0.27936507936507937 0.4378531073446328 0.031746031746031744 0.05084745762711865
5 0.2111111111111111 0.4872881355932203 0.02857142857142857 0.059322033898305086
5 0.05873015873015873 0.5932203389830508 0.03492063492063492 0.06779661016949153
5 0.5277777777777778 0.6129943502824858 0.049206349206349205 0.07909604519774012
5 0.796031746031746 0.6892655367231638 0.05238095238095238 0.07909604519774012
5 0.803968253968254 0.7542372881355932 0.05555555555555555 0.0847457627118644
5 0.8563492063492063 0.7401129943502824 0.05238095238095238 0.0903954802259887
5 0.807936507936508 0.6101694915254238 0.04126984126984127 0.0847457627118644
5 0.8166666666666667 0.5508474576271186 0.03650793650793651 0.06779661016949153
5 0.780952380952381 0.5070621468926554 0.031746031746031744 0.059322033898305086
5 0.8007936507936508 0.4830508474576271 0.03015873015873016 0.05649717514124294
5 0.6730158730158731 0.5169491525423728 0.03492063492063492 0.06779661016949153
5 0.5444444444444444 0.3601694915254237 0.01904761904761905 0.0480225988700565
5 0.957936507936508 0.6200564971751412 0.03333333333333333 0.059322033898305086
5 0.9428571428571428 0.7612994350282486 0.044444444444444446 0.09322033898305085