4 0.8587301587301587 0.5353107344632768 0.06349206349206349 0.07627118644067797
5 0.8428571428571429 0.5621468926553672 0.0380952380952381 0.07344632768361582
5 0.8214285714285714 0.655367231638418 0.046031746031746035 0.07344632768361582
4 0.7007936507936507 0.5522598870056498 0.07777777777777778 0.11016949152542373
4 0.7182539682539683 0.4759887005649718 0.07777777777777778 0.07627118644067797
4 0.5404761904761904 0.4011299435028249 0.06825396825396825 0.062146892655367235
4 0.4880952380952381 0.4759887005649718 0.09365079365079365 0.09887005649717515
0 0.4 0.3220338983050847 0.07301587301587302 0.062146892655367235
6 0.2984126984126984 0.3389830508474576 0.05396825396825397 0.062146892655367235
4 0.25 0.3531073446327684 0.026984126984126985 0.03389830508474576
4 0.5 0.4449152542372881 0.050793650793650794 0.05367231638418079
3 0.2119047619047619 0.7951977401129944 0.049206349206349205 0.11581920903954802
5 0.046031746031746035 0.75 0.0380952380952381 0.09322033898305085
5 0.07777777777777778 0.9152542372881356 0.06031746031746032 0.1016949152542373
5 0.015873015873015872 0.7810734463276836 0.031746031746031744 0.09322033898305085
5 0.25476190476190474 0.942090395480226 0.07142857142857142 0.11016949152542373
5 0.326984126984127 0.9180790960451978 0.06031746031746032 0.0903954802259887
5 0.4714285714285714 0.7429378531073446 0.044444444444444446 0.1016949152542373
5 0.680952380952381 0.6892655367231638 0.050793650793650794 0.096045197740113
5 0.753968253968254 0.6751412429378532 0.047619047619047616 0.0903954802259887
5 0.7317460317460317 0.6313559322033898 0.047619047619047616 0.08192090395480225
5 0.596031746031746 0.5833333333333334 0.04285714285714286 0.07627118644067797
5 0.596031746031746 0.6285310734463276 0.046031746031746035 0.08192090395480225
5 0.5119047619047619 0.576271186440678 0.04285714285714286 0.07909604519774012
5 0.3253968253968254 0.5692090395480226 0.031746031746031744 0.08192090395480225
5 0.396031746031746 0.3968926553672316 0.023809523809523808 0.0480225988700565
5 0.273015873015873 0.4844632768361582 0.022222222222222223 0.05367231638418079
5 0.24206349206349206 0.4519774011299435 0.01746031746031746 0.05649717514124294
5 0.22301587301587303 0.4463276836158192 0.014285714285714285 0.05084745762711865
5 0.5777777777777777 0.4590395480225989 0.031746031746031744 0.059322033898305086
5 0.6190476190476191 0.4081920903954802 0.025396825396825397 0.0423728813559322
5 0.6857142857142857 0.4293785310734463 0.02857142857142857 0.04519774011299435
5 0.8325396825396826 0.7062146892655368 0.05238095238095238 0.062146892655367235
5 0.8444444444444444 0.75 0.05396825396825397 0.09887005649717515
5 0.3388888888888889 0.4081920903954802 0.03015873015873016 0.06497175141242938
5 0.3119047619047619 0.480225988700565 0.026984126984126985 0.06779661016949153
4 0.25396825396825395 0.4110169491525424 0.031746031746031744 0.059322033898305086