5 0.56015625 0.8611111111111112 0.165625 0.2777777777777778
5 0.909375 0.6013888888888889 0.1203125 0.29444444444444445
5 0.363671875 0.53125 0.07265625 0.29305555555555557
5 0.278125 0.3284722222222222 0.034375 0.15138888888888888
5 0.22578125 0.2604166666666667 0.021875 0.10416666666666667
3 0.41328125 0.24583333333333332 0.021875 0.10555555555555556
4 0.323828125 0.17152777777777778 0.03671875 0.05138888888888889
5 0.34453125 0.3638888888888889 0.0453125 0.18055555555555555
5 0.24921875 0.2263888888888889 0.0203125 0.08333333333333333
5 0.209765625 0.19375 0.01328125 0.059722222222222225
5 0.23671875 0.175 0.0140625 0.058333333333333334