0 0.3880952380952381 0.1370056497175141 0.06825396825396825 0.07627118644067797
4 0.915079365079365 0.5282485875706214 0.10634920634920635 0.13559322033898305
4 0.8507936507936508 0.3771186440677966 0.06666666666666667 0.08192090395480225
4 0.35079365079365077 0.23587570621468926 0.06349206349206349 0.06497175141242938
4 0.2920634920634921 0.25 0.06031746031746032 0.07627118644067797
4 0.21984126984126984 0.2994350282485876 0.05873015873015873 0.06779661016949153
4 0.34206349206349207 0.3192090395480226 0.08095238095238096 0.07909604519774012
4 0.26587301587301587 0.4759887005649718 0.11587301587301588 0.1384180790960452
4 0.09206349206349207 0.6991525423728814 0.1111111111111111 0.18926553672316385
6 0.9658730158730159 0.4533898305084746 0.06507936507936508 0.11581920903954802
7 0.21349206349206348 0.384180790960452 0.08095238095238096 0.1016949152542373
7 0.06031746031746032 0.6242937853107344 0.11428571428571428 0.1751412429378531
7 0.2968253968253968 0.1963276836158192 0.06666666666666667 0.07627118644067797
5 0.32936507936507936 0.7401129943502824 0.06190476190476191 0.10734463276836158
5 0.43492063492063493 0.5861581920903954 0.050793650793650794 0.10451977401129943
5 0.5658730158730159 0.5141242937853108 0.05555555555555555 0.096045197740113
5 0.8539682539682539 0.4209039548022599 0.0380952380952381 0.06779661016949153
5 0.8158730158730159 0.3983050847457627 0.03492063492063492 0.05649717514124294
5 0.5650793650793651 0.2810734463276836 0.015873015873015872 0.059322033898305086
5 0.5079365079365079 0.3629943502824859 0.025396825396825397 0.07627118644067797
5 0.40555555555555556 0.3022598870056497 0.023809523809523808 0.06779661016949153
5 0.22698412698412698 0.6412429378531074 0.050793650793650794 0.10734463276836158
5 0.1738095238095238 0.7161016949152542 0.05238095238095238 0.11016949152542373
5 0.27380952380952384 0.3121468926553672 0.03333333333333333 0.06497175141242938
3 0.4579365079365079 0.3149717514124294 0.026984126984126985 0.08192090395480225