4 0.5293650793650794 0.403954802259887 0.07142857142857142 0.06779661016949153
4 0.4158730158730159 0.4491525423728814 0.08571428571428572 0.062146892655367235
4 0.5658730158730159 0.5070621468926554 0.10317460317460317 0.11016949152542373
4 0.6365079365079365 0.4392655367231638 0.06031746031746032 0.059322033898305086
4 0.703968253968254 0.5790960451977402 0.05555555555555555 0.14124293785310735
4 0.22777777777777777 0.4463276836158192 0.05238095238095238 0.07344632768361582
4 0.2833333333333333 0.3672316384180791 0.03333333333333333 0.04519774011299435
0 0.33095238095238094 0.3093220338983051 0.05555555555555555 0.0480225988700565
6 0.35079365079365077 0.3531073446327684 0.06666666666666667 0.07344632768361582
4 0.4150793650793651 0.3601694915254237 0.049206349206349205 0.0480225988700565
3 0.20793650793650795 0.7980225988700564 0.050793650793650794 0.11016949152542373
5 0.046825396825396826 0.7542372881355932 0.03650793650793651 0.096045197740113
5 0.023015873015873017 0.7429378531073446 0.03333333333333333 0.096045197740113
5 0.07539682539682539 0.9110169491525424 0.06190476190476191 0.09887005649717515
5 0.14444444444444443 0.8799435028248588 0.05714285714285714 0.11016949152542373
5 0.25396825396825395 0.943502824858757 0.06031746031746032 0.11299435028248588
5 0.373015873015873 0.7471751412429378 0.03492063492063492 0.12146892655367232
5 0.44285714285714284 0.78954802259887 0.05396825396825397 0.11581920903954802
5 0.5658730158730159 0.6991525423728814 0.05555555555555555 0.08757062146892655
5 0.48253968253968255 0.5889830508474576 0.044444444444444446 0.08192090395480225
5 0.34206349206349207 0.5282485875706214 0.03333333333333333 0.07344632768361582
5 0.3817460317460317 0.518361581920904 0.03650793650793651 0.07627118644067797
5 0.3619047619047619 0.480225988700565 0.03492063492063492 0.062146892655367235
5 0.2920634920634921 0.4364406779661017 0.02857142857142857 0.05367231638418079
5 0.4126984126984127 0.4011299435028249 0.02857142857142857 0.03954802259887006
5 0.5079365079365079 0.4463276836158192 0.025396825396825397 0.05649717514124294
5 0.2753968253968254 0.4180790960451977 0.023809523809523808 0.04519774011299435
5 0.2357142857142857 0.4661016949152542 0.023809523809523808 0.062146892655367235
5 0.49682539682539684 0.559322033898305 0.047619047619047616 0.07344632768361582
5 0.503968253968254 0.5211864406779662 0.03650793650793651 0.07062146892655367
5 0.5777777777777777 0.615819209039548 0.047619047619047616 0.0847457627118644
5 0.7380952380952381 0.6638418079096046 0.047619047619047616 0.0847457627118644
5 0.7658730158730159 0.5720338983050848 0.03333333333333333 0.08192090395480225
5 0.7944444444444444 0.7161016949152542 0.05238095238095238 0.09322033898305085
5 0.7452380952380953 0.7372881355932204 0.05238095238095238 0.07909604519774012
5 0.6658730158730158 0.5141242937853108 0.026984126984126985 0.07344632768361582
5 0.8285714285714286 0.5211864406779662 0.031746031746031744 0.059322033898305086
5 0.8761904761904762 0.5169491525423728 0.02857142857142857 0.05649717514124294
5 0.8563492063492063 0.5720338983050848 0.03968253968253968 0.06497175141242938
5 0.8746031746031746 0.6963276836158192 0.050793650793650794 0.07627118644067797
5 0.876984126984127 0.7401129943502824 0.049206349206349205 0.0903954802259887
5 0.9428571428571428 0.7853107344632768 0.04126984126984127 0.0847457627118644
5 0.957936507936508 0.7471751412429378 0.04285714285714286 0.07627118644067797
5 0.11904761904761904 0.53954802259887 0.031746031746031744 0.06779661016949153
5 0.01746031746031746 0.5550847457627118 0.022222222222222223 0.059322033898305086