4 0.2828125 0.17222222222222222 0.0484375 0.07222222222222222
4 0.32265625 0.16875 0.0359375 0.05138888888888889
5 0.244140625 0.5791666666666667 0.07734375 0.3111111111111111
5 0.9296875 0.6923611111111111 0.1390625 0.31527777777777777
5 0.84765625 0.5680555555555555 0.1453125 0.25833333333333336
5 0.71875 0.5756944444444444 0.1171875 0.26805555555555555
5 0.61171875 0.5423611111111111 0.084375 0.25416666666666665
5 0.491796875 0.39444444444444443 0.05234375 0.18888888888888888
5 0.446875 0.3486111111111111 0.040625 0.16666666666666666
5 0.33828125 0.29375 0.0375 0.12361111111111112
5 0.36953125 0.27291666666666664 0.028125 0.11527777777777778
5 0.255859375 0.2791666666666667 0.02734375 0.11666666666666667
5 0.18203125 0.3013888888888889 0.03125 0.13333333333333333