4 0.321484375 0.1673611111111111 0.03046875 0.04861111111111111
5 0.40234375 0.7118055555555556 0.1375 0.4791666666666667
5 0.74453125 0.6125 0.1234375 0.2972222222222222
5 0.8734375 0.6409722222222223 0.140625 0.2791666666666667
5 0.834765625 0.5277777777777778 0.08984375 0.18611111111111112
5 0.6484375 0.5020833333333333 0.08125 0.24027777777777778
5 0.5421875 0.4423611111111111 0.0640625 0.20972222222222223
5 0.483203125 0.39861111111111114 0.04765625 0.18333333333333332
5 0.505859375 0.33819444444444446 0.03984375 0.14305555555555555
5 0.41015625 0.3104166666666667 0.0328125 0.14305555555555555
5 0.35234375 0.23194444444444445 0.025 0.09444444444444444
5 0.301171875 0.24166666666666667 0.02421875 0.09444444444444444
5 0.275 0.3527777777777778 0.0390625 0.16111111111111112
5 0.190625 0.3701388888888889 0.040625 0.1763888888888889
5 0.33828125 0.19444444444444445 0.0171875 0.07222222222222222