4 0.7150793650793651 0.5480225988700564 0.1126984126984127 0.10734463276836158
6 0.4984126984126984 0.4265536723163842 0.10476190476190476 0.14689265536723164
6 0.8547619047619047 0.5254237288135594 0.10952380952380952 0.12994350282485875
6 0.9476190476190476 0.7274011299435028 0.10476190476190476 0.1327683615819209
0 0.35079365079365077 0.3361581920903955 0.11746031746031746 0.06779661016949153
4 0.396031746031746 0.4081920903954802 0.05555555555555555 0.05367231638418079
4 0.23174603174603176 0.4364406779661017 0.044444444444444446 0.06497175141242938
5 0.5444444444444444 0.6073446327683616 0.05396825396825397 0.0847457627118644
5 0.542063492063492 0.692090395480226 0.05238095238095238 0.0903954802259887
5 0.4388888888888889 0.7641242937853108 0.046031746031746035 0.11016949152542373
5 0.44285714285714284 0.5070621468926554 0.0380952380952381 0.059322033898305086
5 0.4880952380952381 0.5070621468926554 0.03968253968253968 0.059322033898305086
5 0.5468253968253968 0.5042372881355932 0.04285714285714286 0.07062146892655367
5 0.38095238095238093 0.8983050847457628 0.05396825396825397 0.12994350282485875
5 0.35873015873015873 0.5861581920903954 0.047619047619047616 0.07627118644067797
5 0.32936507936507936 0.5282485875706214 0.04285714285714286 0.07344632768361582
5 0.15396825396825398 0.5621468926553672 0.03492063492063492 0.07344632768361582
5 0.25793650793650796 0.5451977401129944 0.03968253968253968 0.06779661016949153
5 0.3412698412698413 0.480225988700565 0.031746031746031744 0.05649717514124294
5 0.8603174603174604 0.7429378531073446 0.05396825396825397 0.1016949152542373
5 0.7468253968253968 0.6242937853107344 0.0873015873015873 0.10734463276836158
5 0.5984126984126984 0.6751412429378532 0.05714285714285714 0.0903954802259887
5 0.6722222222222223 0.6963276836158192 0.05873015873015873 0.08757062146892655
5 0.08888888888888889 0.5988700564971752 0.0380952380952381 0.0847457627118644
5 0.04047619047619048 0.6073446327683616 0.03015873015873016 0.06779661016949153
3 0.2007936507936508 0.809322033898305 0.05555555555555555 0.11016949152542373
5 0.05396825396825397 0.7782485875706214 0.047619047619047616 0.09887005649717515
5 0.5888888888888889 0.9562146892655368 0.09523809523809523 0.08757062146892655
5 0.2571428571428571 0.943502824858757 0.06349206349206349 0.11299435028248588
5 0.07777777777777778 0.9152542372881356 0.06031746031746032 0.10734463276836158
5 0.1349206349206349 0.8305084745762712 0.05396825396825397 0.06779661016949153
4 0.5079365079365079 0.3389830508474576 0.031746031746031744 0.04519774011299435
5 0.2650793650793651 0.4901129943502825 0.031746031746031744 0.05367231638418079
5 0.28809523809523807 0.4180790960451977 0.01746031746031746 0.04519774011299435
5 0.35873015873015873 0.4491525423728814 0.025396825396825397 0.05649717514124294