4 0.30793650793650795 0.2951977401129944 0.0761904761904762 0.07627118644067797
4 0.3404761904761905 0.4110169491525424 0.1126984126984127 0.09887005649717515
4 0.1523809523809524 0.5932203389830508 0.10476190476190476 0.14689265536723164
4 0.0626984126984127 0.6440677966101694 0.1126984126984127 0.192090395480226
4 0.8523809523809524 0.3771186440677966 0.06349206349206349 0.08192090395480225
7 0.38492063492063494 0.2062146892655367 0.049206349206349205 0.062146892655367235
6 0.9515873015873015 0.4463276836158192 0.09682539682539683 0.13559322033898305
7 0.11587301587301588 0.4731638418079096 0.13015873015873017 0.1497175141242938
5 0.4119047619047619 0.617231638418079 0.05238095238095238 0.1271186440677966
5 0.4738095238095238 0.5310734463276836 0.05238095238095238 0.096045197740113
5 0.6777777777777778 0.4901129943502825 0.05396825396825397 0.07627118644067797
5 0.45476190476190476 0.3333333333333333 0.023809523809523808 0.07344632768361582
5 0.42698412698412697 0.3290960451977401 0.025396825396825397 0.07627118644067797
5 0.4793650793650794 0.23728813559322035 0.01904761904761905 0.05649717514124294
5 0.07698412698412699 0.788135593220339 0.05873015873015873 0.07909604519774012