5 0.48333333333333334 0.9081920903954802 0.06190476190476191 0.12146892655367232
5 0.25793650793650796 0.9378531073446328 0.05873015873015873 0.11864406779661017
5 0.44682539682539685 0.7711864406779662 0.049206349206349205 0.11299435028248588
5 0.5111111111111111 0.6878531073446328 0.05396825396825397 0.09887005649717515
5 0.584920634920635 0.6751412429378532 0.05873015873015873 0.0903954802259887
5 0.6547619047619048 0.6384180790960452 0.049206349206349205 0.0847457627118644
5 0.6730158730158731 0.6751412429378532 0.05714285714285714 0.0903954802259887
5 0.7547619047619047 0.7231638418079096 0.05873015873015873 0.0903954802259887
4 0.7880952380952381 0.5932203389830508 0.10952380952380952 0.14124293785310735
4 0.734920634920635 0.6129943502824858 0.047619047619047616 0.07909604519774012
4 0.776984126984127 0.6511299435028248 0.05555555555555555 0.09322033898305085
5 0.8849206349206349 0.6991525423728814 0.10634920634920635 0.11016949152542373
4 0.8563492063492063 0.5240112994350282 0.10317460317460317 0.1327683615819209
5 0.969047619047619 0.5932203389830508 0.06190476190476191 0.0847457627118644
5 0.773015873015873 0.4872881355932203 0.031746031746031744 0.059322033898305086
6 0.5619047619047619 0.4590395480225989 0.11746031746031746 0.16666666666666666
0 0.37777777777777777 0.3361581920903955 0.12698412698412698 0.07344632768361582
4 0.430952380952381 0.4322033898305085 0.05873015873015873 0.07344632768361582
5 0.4785714285714286 0.3672316384180791 0.01746031746031746 0.04519774011299435
4 0.5103174603174603 0.3192090395480226 0.023809523809523808 0.04519774011299435
5 0.2753968253968254 0.5621468926553672 0.04285714285714286 0.07909604519774012
5 0.37777777777777777 0.617231638418079 0.050793650793650794 0.08192090395480225
5 0.3388888888888889 0.5451977401129944 0.04285714285714286 0.06779661016949153
5 0.30238095238095236 0.4830508474576271 0.03015873015873016 0.05649717514124294
5 0.48174603174603176 0.501412429378531 0.03015873015873016 0.08192090395480225
5 0.423015873015873 0.5112994350282486 0.03333333333333333 0.062146892655367235
5 0.3753968253968254 0.5282485875706214 0.03968253968253968 0.062146892655367235
5 0.3 0.4209039548022599 0.01904761904761905 0.05084745762711865
5 0.3253968253968254 0.4449152542372881 0.01904761904761905 0.05367231638418079
5 0.3674603174603175 0.4491525423728814 0.023809523809523808 0.05649717514124294
5 0.30873015873015874 0.3813559322033898 0.014285714285714285 0.04519774011299435
5 0.2920634920634921 0.384180790960452 0.012698412698412698 0.04519774011299435
4 0.20952380952380953 0.4632768361581921 0.050793650793650794 0.07344632768361582
3 0.2007936507936508 0.8050847457627118 0.05555555555555555 0.11299435028248588
5 0.07698412698412699 0.9152542372881356 0.05873015873015873 0.10734463276836158
5 0.04285714285714286 0.7542372881355932 0.03492063492063492 0.096045197740113
5 0.10952380952380952 0.617231638418079 0.04126984126984127 0.07627118644067797
5 0.5484126984126985 0.5141242937853108 0.03015873015873016 0.07344632768361582
5 0.5523809523809524 0.5932203389830508 0.05396825396825397 0.07344632768361582