6 0.5158730158730159 0.4322033898305085 0.10793650793650794 0.15254237288135594
0 0.35793650793650794 0.3361581920903955 0.11904761904761904 0.07344632768361582
0 0.2365079365079365 0.3672316384180791 0.050793650793650794 0.0903954802259887
4 0.22698412698412698 0.442090395480226 0.044444444444444446 0.059322033898305086
4 0.40555555555555556 0.422316384180791 0.05238095238095238 0.06497175141242938
3 0.20238095238095238 0.809322033898305 0.05873015873015873 0.11016949152542373
5 0.2571428571428571 0.943502824858757 0.06666666666666667 0.11299435028248588
5 0.3388888888888889 0.9533898305084746 0.046031746031746035 0.09322033898305085
5 0.4023809523809524 0.847457627118644 0.049206349206349205 0.11864406779661017
5 0.4650793650793651 0.730225988700565 0.047619047619047616 0.10451977401129943
5 0.55 0.6822033898305084 0.05238095238095238 0.09887005649717515
5 0.5857142857142857 0.617231638418079 0.050793650793650794 0.07627118644067797
5 0.6888888888888889 0.6991525423728814 0.05396825396825397 0.08757062146892655
5 0.6547619047619048 0.634180790960452 0.04285714285714286 0.07062146892655367
5 0.8158730158730159 0.7231638418079096 0.047619047619047616 0.096045197740113
4 0.7428571428571429 0.5621468926553672 0.10793650793650794 0.11864406779661017
6 0.8555555555555555 0.5282485875706214 0.10476190476190476 0.13559322033898305
5 0.4238095238095238 0.5932203389830508 0.050793650793650794 0.07909604519774012
5 0.25952380952380955 0.5522598870056498 0.04285714285714286 0.07062146892655367
5 0.29603174603174603 0.4971751412429379 0.03333333333333333 0.062146892655367235
5 0.2563492063492063 0.4774011299435028 0.026984126984126985 0.05649717514124294
5 0.39285714285714285 0.5282485875706214 0.03968253968253968 0.07344632768361582
5 0.4388888888888889 0.5211864406779662 0.03968253968253968 0.06497175141242938
5 0.4928571428571429 0.5112994350282486 0.04285714285714286 0.05649717514124294
5 0.49206349206349204 0.4731638418079096 0.02857142857142857 0.059322033898305086
5 0.36984126984126986 0.4844632768361582 0.031746031746031744 0.06497175141242938
5 0.44126984126984126 0.4562146892655367 0.025396825396825397 0.05367231638418079
5 0.3007936507936508 0.4251412429378531 0.020634920634920634 0.05367231638418079
5 0.3325396825396825 0.422316384180791 0.01746031746031746 0.059322033898305086
4 0.5087301587301587 0.3361581920903955 0.026984126984126985 0.04519774011299435
5 0.25873015873015875 0.6313559322033898 0.047619047619047616 0.08192090395480225
5 0.0880952380952381 0.6129943502824858 0.03968253968253968 0.07344632768361582
5 0.02142857142857143 0.6511299435028248 0.03333333333333333 0.08192090395480225
5 0.07698412698412699 0.9180790960451978 0.05873015873015873 0.10734463276836158
5 0.06111111111111111 0.7711864406779662 0.03968253968253968 0.096045197740113
5 0.5380952380952381 0.9491525423728814 0.08571428571428572 0.1016949152542373