4 0.5182539682539683 0.4562146892655367 0.07777777777777778 0.06497175141242938
6 0.6047619047619047 0.518361581920904 0.13333333333333333 0.16666666666666666
4 0.7277777777777777 0.5211864406779662 0.09047619047619047 0.08192090395480225
0 0.85 0.4971751412429379 0.14126984126984127 0.15819209039548024
3 0.2 0.809322033898305 0.050793650793650794 0.11016949152542373
5 0.03888888888888889 0.7669491525423728 0.04285714285714286 0.09887005649717515
5 0.07698412698412699 0.9152542372881356 0.05873015873015873 0.1016949152542373
5 0.4849206349206349 0.730225988700565 0.05555555555555555 0.09887005649717515
4 0.3349206349206349 0.384180790960452 0.04126984126984127 0.062146892655367235
4 0.24206349206349206 0.3672316384180791 0.023809523809523808 0.03954802259887006
4 0.34285714285714286 0.3432203389830508 0.0380952380952381 0.0423728813559322
5 0.5865079365079365 0.6624293785310734 0.05873015873015873 0.08757062146892655
5 0.6619047619047619 0.692090395480226 0.05714285714285714 0.07344632768361582
5 0.6817460317460318 0.6285310734463276 0.049206349206349205 0.08192090395480225
5 0.5547619047619048 0.5932203389830508 0.04285714285714286 0.0847457627118644
5 0.4650793650793651 0.5748587570621468 0.04126984126984127 0.08192090395480225
5 0.37142857142857144 0.518361581920904 0.03492063492063492 0.07627118644067797
5 0.10793650793650794 0.5 0.022222222222222223 0.05649717514124294
5 0.2634920634920635 0.3771186440677966 0.022222222222222223 0.0423728813559322
5 0.8603174603174604 0.655367231638418 0.050793650793650794 0.0847457627118644
5 0.8777777777777778 0.7443502824858758 0.050793650793650794 0.09322033898305085
5 0.9253968253968254 0.596045197740113 0.0380952380952381 0.06779661016949153
5 0.051587301587301584 0.5409604519774012 0.023809523809523808 0.06497175141242938
5 0.6587301587301587 0.4180790960451977 0.02857142857142857 0.04519774011299435
5 0.4 0.480225988700565 0.025396825396825397 0.07344632768361582
5 0.28888888888888886 0.4392655367231638 0.015873015873015872 0.05367231638418079
5 0.3103174603174603 0.4562146892655367 0.01746031746031746 0.06497175141242938
5 0.34285714285714286 0.4519774011299435 0.01904761904761905 0.05649717514124294
5 0.28095238095238095 0.4081920903954802 0.009523809523809525 0.0423728813559322
5 0.2968253968253968 0.3813559322033898 0.012698412698412698 0.04519774011299435
5 0.4380952380952381 0.4562146892655367 0.031746031746031744 0.07062146892655367
5 0.44206349206349205 0.5211864406779662 0.03333333333333333 0.06497175141242938
5 0.5388888888888889 0.5480225988700564 0.03333333333333333 0.062146892655367235
5 0.4166666666666667 0.403954802259887 0.020634920634920634 0.05084745762711865
5 0.49682539682539684 0.5353107344632768 0.031746031746031744 0.07627118644067797
5 0.4928571428571429 0.559322033898305 0.03333333333333333 0.07909604519774012
5 0.14523809523809525 0.8771186440677966 0.05873015873015873 0.09887005649717515
5 0.4595238095238095 0.4971751412429379 0.03333333333333333 0.07909604519774012