4 0.29140625 0.3652173913043478 0.0421875 0.08695652173913043
7 0.628125 0.4652173913043478 0.1203125 0.22608695652173913
5 0.212109375 0.4920289855072464 0.02734375 0.09710144927536232
5 0.865234375 0.7528985507246376 0.06171875 0.1782608695652174
5 0.60703125 0.3065217391304348 0.01875 0.06521739130434782
5 0.0671875 0.6695652173913044 0.040625 0.14202898550724638
5 0.130078125 0.6036231884057971 0.02734375 0.12028985507246377
5 0.184375 0.5471014492753623 0.0265625 0.09710144927536232
5 0.150390625 0.5289855072463768 0.03046875 0.10144927536231885
7 0.530078125 0.5739130434782609 0.10703125 0.24347826086956523
5 0.747265625 0.5847826086956521 0.03203125 0.13768115942028986
5 0.847265625 0.591304347826087 0.04609375 0.13043478260869565
5 0.63828125 0.3456521739130435 0.0203125 0.06521739130434782
5 0.703125 0.4355072463768116 0.0265625 0.10579710144927536
5 0.753125 0.49130434782608695 0.0328125 0.09855072463768116