4 0.279296875 0.1673611111111111 0.04609375 0.06527777777777778
4 0.32421875 0.1701388888888889 0.0359375 0.05138888888888889
5 0.25546875 0.5958333333333333 0.08125 0.32222222222222224
5 0.89921875 0.6729166666666667 0.159375 0.3125
5 0.846484375 0.5569444444444445 0.14140625 0.25
5 0.693359375 0.5513888888888889 0.10703125 0.25833333333333336
5 0.596484375 0.5180555555555556 0.07578125 0.24722222222222223
5 0.4671875 0.3861111111111111 0.0515625 0.18333333333333332
5 0.43671875 0.33819444444444446 0.0390625 0.16527777777777777
5 0.368359375 0.26458333333333334 0.02734375 0.10972222222222222
5 0.331640625 0.28402777777777777 0.03671875 0.12361111111111112
5 0.257421875 0.2861111111111111 0.02890625 0.125
5 0.183984375 0.3111111111111111 0.03203125 0.1361111111111111