4 0.7703125 0.7818840579710145 0.2015625 0.2565217391304348
4 0.229296875 0.5420289855072464 0.08828125 0.17681159420289855
4 0.553125 0.5159420289855072 0.0859375 0.1565217391304348
7 0.48828125 0.33260869565217394 0.05625 0.12028985507246377
7 0.54921875 0.29927536231884055 0.0578125 0.11739130434782609
5 0.833203125 0.5347826086956522 0.03515625 0.11884057971014493
4 0.919140625 0.6652173913043479 0.04921875 0.14202898550724638
5 0.955078125 0.7710144927536232 0.05234375 0.1681159420289855
5 0.673046875 0.40507246376811595 0.02265625 0.09130434782608696
5 0.701171875 0.3695652173913043 0.02578125 0.08405797101449275
5 0.619140625 0.3471014492753623 0.02109375 0.07971014492753623