0 0.10793650793650794 0.3672316384180791 0.13968253968253969 0.2033898305084746
4 0.10555555555555556 0.6751412429378532 0.13174603174603175 0.1751412429378531
4 0.2 0.4251412429378531 0.09841269841269841 0.12146892655367232
4 0.4658730158730159 0.1850282485875706 0.03968253968253968 0.0423728813559322
4 0.719047619047619 0.4392655367231638 0.11746031746031746 0.11581920903954802
4 0.8523809523809524 0.3742937853107345 0.06349206349206349 0.07062146892655367
6 0.9531746031746032 0.442090395480226 0.09365079365079365 0.1384180790960452
7 0.31507936507936507 0.2711864406779661 0.06190476190476191 0.07909604519774012
5 0.4150793650793651 0.617231638418079 0.05555555555555555 0.11016949152542373
5 0.34444444444444444 0.4392655367231638 0.0380952380952381 0.09322033898305085
5 0.4007936507936508 0.3531073446327684 0.026984126984126985 0.07344632768361582
5 0.44841269841269843 0.3290960451977401 0.023809523809523808 0.08192090395480225
5 0.5079365079365079 0.2711864406779661 0.022222222222222223 0.06779661016949153
5 0.07777777777777778 0.4731638418079096 0.03492063492063492 0.08757062146892655
4 0.2611111111111111 0.4830508474576271 0.1126984126984127 0.12429378531073447