4 0.15 0.6059322033898306 0.12222222222222222 0.16101694915254236
4 0.04285714285714286 0.6963276836158192 0.08571428571428572 0.18926553672316385
4 0.31507936507936507 0.4350282485875706 0.10952380952380952 0.11299435028248588
4 0.28174603174603174 0.326271186440678 0.08412698412698413 0.08757062146892655
4 0.49206349206349204 0.15819209039548024 0.0380952380952381 0.03954802259887006
4 0.8539682539682539 0.3742937853107345 0.06666666666666667 0.07627118644067797
4 0.9388888888888889 0.5663841807909604 0.10317460317460317 0.1327683615819209
7 0.3674603174603175 0.2231638418079096 0.05238095238095238 0.07344632768361582
6 0.9531746031746032 0.442090395480226 0.09365079365079365 0.1327683615819209
6 0.07936507936507936 0.5211864406779662 0.14285714285714285 0.17796610169491525
5 0.346031746031746 0.6991525423728814 0.06031746031746032 0.11581920903954802
5 0.4103174603174603 0.5918079096045198 0.049206349206349205 0.11581920903954802
5 0.4238095238095238 0.3771186440677966 0.02857142857142857 0.08192090395480225
5 0.3984126984126984 0.3742937853107345 0.031746031746031744 0.08192090395480225
5 0.4587301587301587 0.2740112994350282 0.015873015873015872 0.062146892655367235
5 0.6079365079365079 0.4943502824858757 0.05396825396825397 0.07909604519774012
5 0.876984126984127 0.4463276836158192 0.03650793650793651 0.06779661016949153
5 0.34206349206349207 0.8149717514124294 0.05238095238095238 0.08192090395480225