6 0.9555555555555556 0.4491525423728814 0.08888888888888889 0.13559322033898305
4 0.8507936507936508 0.3813559322033898 0.06666666666666667 0.0847457627118644
4 0.09206349206349207 0.576271186440678 0.11746031746031746 0.1638418079096045
4 0.11746031746031746 0.6652542372881356 0.11428571428571428 0.18926553672316385
5 0.30238095238095236 0.9449152542372882 0.08412698412698413 0.10451977401129943
5 0.32936507936507936 0.8361581920903954 0.08095238095238096 0.12429378531073447
5 0.4111111111111111 0.8319209039548022 0.06349206349206349 0.1271186440677966
5 0.42777777777777776 0.6242937853107344 0.05555555555555555 0.10734463276836158
5 0.530952380952381 0.5141242937853108 0.05555555555555555 0.0903954802259887
5 0.40476190476190477 0.3940677966101695 0.03492063492063492 0.08757062146892655
5 0.35 0.3361581920903955 0.03333333333333333 0.06779661016949153
5 0.403968253968254 0.2853107344632768 0.020634920634920634 0.062146892655367235
5 0.45 0.3290960451977401 0.023809523809523808 0.07627118644067797
5 0.523015873015873 0.2937853107344633 0.020634920634920634 0.06779661016949153
5 0.5428571428571428 0.3022598870056497 0.01904761904761905 0.07344632768361582
3 0.4793650793650794 0.2740112994350282 0.01904761904761905 0.07344632768361582
5 0.42936507936507934 0.2641242937853107 0.014285714285714285 0.059322033898305086
5 0.676984126984127 0.4971751412429379 0.05555555555555555 0.07909604519774012
5 0.7373015873015873 0.3432203389830508 0.03333333333333333 0.06497175141242938
5 0.7150793650793651 0.2782485875706215 0.03015873015873016 0.05367231638418079
5 0.8539682539682539 0.4251412429378531 0.0380952380952381 0.06497175141242938
5 0.8134920634920635 0.4011299435028249 0.03968253968253968 0.062146892655367235
5 0.3134920634920635 0.2782485875706215 0.03333333333333333 0.059322033898305086
5 0.04285714285714286 0.905367231638418 0.06666666666666667 0.09322033898305085
5 0.10793650793650794 0.8432203389830508 0.06666666666666667 0.11581920903954802
5 0.16507936507936508 0.7401129943502824 0.05714285714285714 0.096045197740113
5 0.20634920634920634 0.6567796610169492 0.050793650793650794 0.11581920903954802
5 0.2619047619047619 0.6002824858757062 0.044444444444444446 0.11016949152542373
4 0.2920634920634921 0.4604519774011299 0.11746031746031746 0.12994350282485875
4 0.14682539682539683 0.3771186440677966 0.06190476190476191 0.09887005649717515
7 0.22777777777777777 0.3700564971751412 0.07777777777777778 0.10734463276836158
4 0.24285714285714285 0.2923728813559322 0.06984126984126984 0.08192090395480225
7 0.2523809523809524 0.23022598870056496 0.07301587301587302 0.09322033898305085
4 0.35793650793650794 0.3022598870056497 0.06825396825396825 0.07909604519774012
4 0.3674603174603175 0.23022598870056496 0.06507936507936508 0.059322033898305086
0 0.36587301587301585 0.15112994350282485 0.07142857142857142 0.08757062146892655
4 0.49206349206349204 0.13135593220338984 0.02857142857142857 0.03672316384180791