5 0.38412698412698415 0.9011299435028248 0.044444444444444446 0.12994350282485875
5 0.4238095238095238 0.8022598870056498 0.050793650793650794 0.11299435028248588
5 0.5357142857142857 0.576271186440678 0.04285714285714286 0.0847457627118644
5 0.7007936507936507 0.713276836158192 0.05238095238095238 0.09322033898305085
5 0.6738095238095239 0.6483050847457628 0.049206349206349205 0.09322033898305085
5 0.861904761904762 0.6299435028248588 0.04126984126984127 0.07909604519774012
4 0.06587301587301587 0.5720338983050848 0.06825396825396825 0.08757062146892655
4 0.1388888888888889 0.5790960451977402 0.0873015873015873 0.1016949152542373
4 0.6126984126984127 0.5141242937853108 0.10158730158730159 0.10734463276836158
4 0.5714285714285714 0.3813559322033898 0.06031746031746032 0.05084745762711865
4 0.7507936507936508 0.6370056497175142 0.10476190476190476 0.1553672316384181
4 0.346031746031746 0.3870056497175141 0.044444444444444446 0.04519774011299435
4 0.24761904761904763 0.4081920903954802 0.031746031746031744 0.05367231638418079
6 0.423015873015873 0.3799435028248588 0.08095238095238096 0.11016949152542373
6 0.9111111111111111 0.5423728813559322 0.10476190476190476 0.1016949152542373