6 0.39285714285714285 0.3672316384180791 0.07777777777777778 0.096045197740113
4 0.1365079365079365 0.5169491525423728 0.06031746031746032 0.0847457627118644
4 0.25476190476190474 0.5141242937853108 0.09047619047619047 0.0847457627118644
4 0.3238095238095238 0.3813559322033898 0.04126984126984127 0.05084745762711865
4 0.2523809523809524 0.4011299435028249 0.025396825396825397 0.04519774011299435
4 0.48174603174603176 0.3728813559322034 0.046031746031746035 0.05084745762711865
4 0.5928571428571429 0.5084745762711864 0.10634920634920635 0.096045197740113
4 0.719047619047619 0.6031073446327684 0.06666666666666667 0.1440677966101695
4 0.6849206349206349 0.4293785310734463 0.07142857142857142 0.05649717514124294
3 0.20396825396825397 0.8050847457627118 0.049206349206349205 0.11299435028248588
5 0.523015873015873 0.6991525423728814 0.05555555555555555 0.09322033898305085
5 0.046825396825396826 0.7951977401129944 0.046031746031746035 0.08192090395480225
5 0.3119047619047619 0.4491525423728814 0.023809523809523808 0.05649717514124294
5 0.41984126984126985 0.480225988700565 0.020634920634920634 0.06779661016949153
5 0.3603174603174603 0.4081920903954802 0.025396825396825397 0.05367231638418079
5 0.5007936507936508 0.5042372881355932 0.023809523809523808 0.059322033898305086
5 0.584920634920635 0.6483050847457628 0.046031746031746035 0.09322033898305085
5 0.584920634920635 0.596045197740113 0.046031746031746035 0.0847457627118644
5 0.6547619047619048 0.6468926553672316 0.046031746031746035 0.096045197740113
5 0.6468253968253969 0.5621468926553672 0.03333333333333333 0.07344632768361582
5 0.7238095238095238 0.7203389830508474 0.05714285714285714 0.0903954802259887
5 0.7880952380952381 0.5903954802259888 0.04285714285714286 0.07909604519774012
5 0.8174603174603174 0.7443502824858758 0.05396825396825397 0.08192090395480225
5 0.8428571428571429 0.7062146892655368 0.0380952380952381 0.0847457627118644
5 0.8698412698412699 0.7810734463276836 0.05396825396825397 0.09322033898305085
5 0.8722222222222222 0.576271186440678 0.03968253968253968 0.05649717514124294
5 0.746031746031746 0.5282485875706214 0.03492063492063492 0.062146892655367235