6 0.6825396825396826 0.538135593220339 0.13968253968253969 0.16101694915254236
6 0.7777777777777778 0.4604519774011299 0.14285714285714285 0.12994350282485875
4 0.34444444444444444 0.3912429378531073 0.050793650793650794 0.059322033898305086
4 0.523015873015873 0.4604519774011299 0.08095238095238096 0.06779661016949153
3 0.19285714285714287 0.809322033898305 0.03968253968253968 0.11581920903954802
5 0.430952380952381 0.5550847457627118 0.03650793650793651 0.07627118644067797
5 0.5658730158730159 0.6991525423728814 0.05238095238095238 0.09322033898305085
5 0.3111111111111111 0.4491525423728814 0.01904761904761905 0.05084745762711865
5 0.6753968253968254 0.6864406779661016 0.05873015873015873 0.0847457627118644
5 0.5555555555555556 0.614406779661017 0.050793650793650794 0.08757062146892655
5 0.7642857142857142 0.7062146892655368 0.05873015873015873 0.07909604519774012
5 0.803968253968254 0.672316384180791 0.049206349206349205 0.0847457627118644
5 0.8341269841269842 0.5451977401129944 0.03650793650793651 0.05649717514124294