5 0.5452380952380952 0.5098870056497176 0.05238095238095238 0.08192090395480225
5 0.4388888888888889 0.614406779661017 0.05238095238095238 0.11016949152542373
5 0.8150793650793651 0.4011299435028249 0.03650793650793651 0.062146892655367235
5 0.6968253968253968 0.5070621468926554 0.05396825396825397 0.07627118644067797
5 0.30238095238095236 0.9491525423728814 0.08412698412698413 0.1016949152542373
5 0.32857142857142857 0.8361581920903954 0.08571428571428572 0.12994350282485875
5 0.4095238095238095 0.8403954802259888 0.06031746031746032 0.1327683615819209
4 0.85 0.3813559322033898 0.06825396825396825 0.07909604519774012
5 0.8539682539682539 0.4251412429378531 0.0380952380952381 0.06497175141242938
6 0.9555555555555556 0.4449152542372881 0.08888888888888889 0.1327683615819209
4 0.2968253968253968 0.4562146892655367 0.11746031746031746 0.1271186440677966
4 0.1380952380952381 0.3898305084745763 0.07301587301587302 0.1016949152542373
4 0.09682539682539683 0.5649717514124294 0.11746031746031746 0.15254237288135594
4 0.11904761904761904 0.6652542372881356 0.11746031746031746 0.18926553672316385
7 0.22777777777777777 0.3672316384180791 0.07777777777777778 0.10734463276836158
7 0.24603174603174602 0.2330508474576271 0.06984126984126984 0.09322033898305085
4 0.23492063492063492 0.2980225988700565 0.06984126984126984 0.07627118644067797
4 0.36984126984126986 0.22598870056497175 0.06031746031746032 0.05649717514124294
4 0.3611111111111111 0.2980225988700565 0.07142857142857142 0.07627118644067797
0 0.3619047619047619 0.15112994350282485 0.07301587301587302 0.08757062146892655
5 0.3619047619047619 0.3248587570621469 0.031746031746031744 0.06779661016949153
5 0.4158730158730159 0.384180790960452 0.031746031746031744 0.0847457627118644
5 0.3103174603174603 0.2740112994350282 0.03333333333333333 0.05649717514124294
5 0.40793650793650793 0.2768361581920904 0.015873015873015872 0.06779661016949153
5 0.45476190476190476 0.3192090395480226 0.023809523809523808 0.07344632768361582
3 0.48174603174603176 0.2711864406779661 0.01746031746031746 0.07344632768361582
5 0.43333333333333335 0.2570621468926554 0.015873015873015872 0.05649717514124294
5 0.526984126984127 0.288135593220339 0.015873015873015872 0.062146892655367235
5 0.546031746031746 0.2951977401129944 0.01904761904761905 0.07062146892655367
5 0.7373015873015873 0.3432203389830508 0.03968253968253968 0.06497175141242938
5 0.7158730158730159 0.2782485875706215 0.031746031746031744 0.05367231638418079
5 0.765079365079365 0.3672316384180791 0.0380952380952381 0.06779661016949153
5 0.2111111111111111 0.6468926553672316 0.047619047619047616 0.11299435028248588
5 0.2634920634920635 0.5889830508474576 0.044444444444444446 0.10451977401129943
5 0.16984126984126985 0.7415254237288136 0.05714285714285714 0.11581920903954802
5 0.11507936507936507 0.8192090395480226 0.06190476190476191 0.11299435028248588