0 0.08333333333333333 0.3912429378531073 0.15079365079365079 0.211864406779661
4 0.7555555555555555 0.4562146892655367 0.11428571428571428 0.12146892655367232
4 0.8539682539682539 0.3742937853107345 0.06666666666666667 0.07062146892655367
4 0.47063492063492063 0.18220338983050846 0.03968253968253968 0.0423728813559322
4 0.16746031746031745 0.25 0.004761904761904762 0.002824858757062147
4 0.2119047619047619 0.4081920903954802 0.09365079365079365 0.11016949152542373
4 0.2619047619047619 0.4759887005649718 0.12063492063492064 0.1271186440677966
4 0.11349206349206349 0.6751412429378532 0.13174603174603175 0.2033898305084746
6 0.9531746031746032 0.442090395480226 0.09365079365079365 0.1384180790960452
7 0.3253968253968254 0.2641242937853107 0.06031746031746032 0.07627118644067797
5 0.45 0.5833333333333334 0.05238095238095238 0.11016949152542373
5 0.3349206349206349 0.4901129943502825 0.044444444444444446 0.09322033898305085
5 0.36984126984126986 0.4053672316384181 0.03492063492063492 0.08192090395480225
5 0.41984126984126985 0.326271186440678 0.023809523809523808 0.07627118644067797
5 0.46190476190476193 0.3022598870056497 0.022222222222222223 0.07344632768361582
5 0.5253968253968254 0.2542372881355932 0.01904761904761905 0.062146892655367235
5 0.08095238095238096 0.826271186440678 0.06666666666666667 0.08757062146892655