5 0.4595238095238095 0.8333333333333334 0.04285714285714286 0.12429378531073447
4 0.4857142857142857 0.4590395480225989 0.06666666666666667 0.07627118644067797
4 0.8809523809523809 0.6370056497175142 0.10793650793650794 0.1440677966101695
4 0.969047619047619 0.6002824858757062 0.05873015873015873 0.08757062146892655
4 0.15158730158730158 0.5141242937853108 0.05238095238095238 0.0903954802259887
0 0.41904761904761906 0.3305084745762712 0.13015873015873017 0.06779661016949153
0 0.23809523809523808 0.3742937853107345 0.047619047619047616 0.09322033898305085
6 0.6603174603174603 0.5084745762711864 0.13968253968253969 0.1807909604519774
5 0.376984126984127 0.7542372881355932 0.03333333333333333 0.10734463276836158
5 0.29285714285714287 0.8912429378531074 0.06190476190476191 0.11581920903954802
5 0.46190476190476193 0.711864406779661 0.044444444444444446 0.11299435028248588
5 0.5158730158730159 0.7062146892655368 0.05714285714285714 0.10734463276836158
5 0.346031746031746 0.9675141242937854 0.06031746031746032 0.06497175141242938
5 0.5857142857142857 0.6709039548022598 0.05714285714285714 0.08192090395480225
5 0.6817460317460318 0.6850282485875706 0.05555555555555555 0.08757062146892655
5 0.7380952380952381 0.6271186440677966 0.047619047619047616 0.07344632768361582
5 0.7857142857142857 0.7259887005649718 0.05396825396825397 0.096045197740113
5 0.773015873015873 0.672316384180791 0.047619047619047616 0.07344632768361582
5 0.8269841269841269 0.7259887005649718 0.047619047619047616 0.0903954802259887
5 0.876984126984127 0.6751412429378532 0.046031746031746035 0.062146892655367235
5 0.8904761904761904 0.7175141242937854 0.044444444444444446 0.0847457627118644
5 0.9611111111111111 0.7401129943502824 0.03968253968253968 0.0903954802259887
5 0.6738095238095239 0.5861581920903954 0.04285714285714286 0.07627118644067797
5 0.4579365079365079 0.5522598870056498 0.03968253968253968 0.07627118644067797
5 0.5277777777777778 0.5621468926553672 0.03968253968253968 0.07344632768361582
5 0.48412698412698413 0.5084745762711864 0.031746031746031744 0.06779661016949153
5 0.44206349206349205 0.4971751412429379 0.03015873015873016 0.062146892655367235
5 0.38095238095238093 0.5084745762711864 0.03492063492063492 0.06779661016949153
5 0.22698412698412698 0.5494350282485876 0.0380952380952381 0.07062146892655367
5 0.15634920634920635 0.5889830508474576 0.03968253968253968 0.06497175141242938
5 0.1349206349206349 0.672316384180791 0.0380952380952381 0.0847457627118644
5 0.0865079365079365 0.6892655367231638 0.03968253968253968 0.07909604519774012
5 0.2388888888888889 0.4562146892655367 0.014285714285714285 0.05367231638418079
5 0.25873015873015875 0.4463276836158192 0.01904761904761905 0.05084745762711865
5 0.27936507936507937 0.4279661016949153 0.01904761904761905 0.0480225988700565
5 0.35 0.4562146892655367 0.020634920634920634 0.059322033898305086
5 0.30238095238095236 0.3898305084745763 0.011111111111111112 0.05084745762711865
5 0.3357142857142857 0.4011299435028249 0.014285714285714285 0.04519774011299435
5 0.4087301587301587 0.4562146892655367 0.020634920634920634 0.059322033898305086
3 0.43492063492063493 0.3644067796610169 0.015873015873015872 0.03389830508474576
5 0.41984126984126985 0.4463276836158192 0.020634920634920634 0.05649717514124294
5 0.5888888888888889 0.6073446327683616 0.05396825396825397 0.06779661016949153
5 0.5888888888888889 0.5550847457627118 0.04126984126984127 0.07627118644067797
6 0.8547619047619047 0.5282485875706214 0.10952380952380952 0.12994350282485875