0 0.05555555555555555 0.4364406779661017 0.1111111111111111 0.20056497175141244
6 0.06031746031746032 0.5621468926553672 0.12063492063492064 0.1751412429378531
4 0.13253968253968254 0.6511299435028248 0.1253968253968254 0.2062146892655367
4 0.8325396825396826 0.5042372881355932 0.10634920634920635 0.1271186440677966
6 0.953968253968254 0.4590395480225989 0.09206349206349207 0.16666666666666666
4 0.8507936507936508 0.3771186440677966 0.06666666666666667 0.08192090395480225
7 0.34206349206349207 0.24717514124293785 0.05873015873015873 0.07627118644067797
4 0.4801587301587302 0.1751412429378531 0.03650793650793651 0.04519774011299435
4 0.24206349206349206 0.3700564971751412 0.09365079365079365 0.10734463276836158
4 0.2857142857142857 0.4590395480225989 0.1111111111111111 0.12146892655367232
3 0.15793650793650793 0.6892655367231638 0.049206349206349205 0.10734463276836158
5 0.3007936507936508 0.942090395480226 0.0873015873015873 0.11016949152542373
5 0.25 0.8870056497175142 0.05555555555555555 0.12994350282485875
5 0.326984126984127 0.7231638418079096 0.05396825396825397 0.11864406779661017
5 0.326984126984127 0.8361581920903954 0.07936507936507936 0.11299435028248588
5 0.4111111111111111 0.8333333333333334 0.05714285714285714 0.12429378531073447
5 0.20634920634920634 0.692090395480226 0.044444444444444446 0.11864406779661017
5 0.37857142857142856 0.442090395480226 0.03968253968253968 0.09322033898305085
5 0.3484126984126984 0.4350282485875706 0.03333333333333333 0.0903954802259887
5 0.4150793650793651 0.3432203389830508 0.023809523809523808 0.07627118644067797
5 0.4579365079365079 0.2740112994350282 0.020634920634920634 0.06779661016949153
5 0.48333333333333334 0.2641242937853107 0.014285714285714285 0.06497175141242938
5 0.5523809523809524 0.2189265536723164 0.01904761904761905 0.05367231638418079
5 0.49603174603174605 0.2189265536723164 0.014285714285714285 0.0480225988700565
5 0.515079365079365 0.5282485875706214 0.05238095238095238 0.0903954802259887
5 0.7174603174603175 0.2711864406779661 0.031746031746031744 0.05649717514124294
5 0.7388888888888889 0.3389830508474576 0.03650793650793651 0.062146892655367235