0 0.24047619047619048 0.2443502824858757 0.1126984126984127 0.1384180790960452
6 0.9515873015873015 0.4463276836158192 0.09682539682539683 0.13559322033898305
4 0.05952380952380952 0.7542372881355932 0.11904761904761904 0.1864406779661017
4 0.19603174603174603 0.559322033898305 0.1126984126984127 0.14689265536723164
4 0.15 0.4901129943502825 0.10317460317460317 0.1327683615819209
4 0.49444444444444446 0.3870056497175141 0.11904761904761904 0.0903954802259887
4 0.423015873015873 0.23022598870056496 0.05238095238095238 0.059322033898305086
4 0.4357142857142857 0.1709039548022599 0.04285714285714286 0.0480225988700565
4 0.85 0.3813559322033898 0.06507936507936508 0.07909604519774012
7 0.2507936507936508 0.3389830508474576 0.0761904761904762 0.096045197740113
7 0.02857142857142857 0.403954802259887 0.05714285714285714 0.11864406779661017
5 0.346031746031746 0.4661016949152542 0.04126984126984127 0.096045197740113
5 0.8444444444444444 0.576271186440678 0.05396825396825397 0.0847457627118644
5 0.31587301587301586 0.3432203389830508 0.025396825396825397 0.07062146892655367
5 0.3388888888888889 0.8192090395480226 0.05238095238095238 0.0903954802259887