4 0.5390625 0.47246376811594204 0.065625 0.13333333333333333
4 0.90234375 0.9072463768115943 0.1953125 0.1855072463768116
5 0.96328125 0.8007246376811594 0.0734375 0.17246376811594202
5 0.9203125 0.6521739130434783 0.05 0.13623188405797101
5 0.804296875 0.5384057971014493 0.04140625 0.1144927536231884
5 0.85625 0.4934782608695652 0.040625 0.11739130434782609
5 0.74921875 0.4782608695652174 0.028125 0.11884057971014493
5 0.790234375 0.4318840579710145 0.03203125 0.0927536231884058
5 0.7203125 0.42391304347826086 0.028125 0.09710144927536232
5 0.754296875 0.3789855072463768 0.02734375 0.08260869565217391
5 0.604296875 0.3130434782608696 0.01796875 0.06086956521739131
5 0.641015625 0.3181159420289855 0.02109375 0.07391304347826087
1 0.319140625 0.45072463768115945 0.12734375 0.4434782608695652
6 0.209375 0.5021739130434782 0.0921875 0.26231884057971017
7 0.13046875 0.5181159420289855 0.071875 0.1956521739130435