6 0.653968253968254 0.5282485875706214 0.13968253968253969 0.15819209039548024
0 0.8047619047619048 0.4731638418079096 0.14285714285714285 0.1327683615819209
4 0.5222222222222223 0.4590395480225989 0.08571428571428572 0.06497175141242938
4 0.34285714285714286 0.3870056497175141 0.044444444444444446 0.05649717514124294
4 0.7357142857142858 0.5211864406779662 0.07142857142857142 0.08192090395480225
3 0.2007936507936508 0.809322033898305 0.046031746031746035 0.11016949152542373
5 0.4087301587301587 0.538135593220339 0.03968253968253968 0.07627118644067797
5 0.5214285714285715 0.6002824858757062 0.046031746031746035 0.09322033898305085
5 0.5349206349206349 0.7090395480225988 0.06031746031746032 0.096045197740113
5 0.6492063492063492 0.672316384180791 0.044444444444444446 0.0903954802259887
5 0.726984126984127 0.7033898305084746 0.05714285714285714 0.06779661016949153
5 0.7603174603174603 0.6581920903954802 0.050793650793650794 0.07909604519774012
5 0.707936507936508 0.6228813559322034 0.050793650793650794 0.08192090395480225
5 0.04047619047619048 0.7542372881355932 0.046031746031746035 0.1016949152542373