5 0.1734375 0.6260869565217392 0.0296875 0.12753623188405797
5 0.08125 0.6840579710144927 0.0375 0.13623188405797101
5 0.172265625 0.6123188405797102 0.03515625 0.12028985507246377
7 0.590234375 0.3826086956521739 0.07734375 0.1565217391304348
7 0.512109375 0.45362318840579713 0.08046875 0.19420289855072465
5 0.7734375 0.4782608695652174 0.0375 0.1072463768115942
5 0.044140625 0.7840579710144927 0.04609375 0.16231884057971013
5 0.116015625 0.6891304347826087 0.03203125 0.11739130434782609
4 0.629296875 0.8188405797101449 0.15546875 0.30144927536231886
5 0.939453125 0.7108695652173913 0.05078125 0.15797101449275364
5 0.76015625 0.5579710144927537 0.03125 0.11884057971014493
5 0.678125 0.4601449275362319 0.028125 0.09710144927536232
4 0.272265625 0.42318840579710143 0.05859375 0.12173913043478261
5 0.648046875 0.358695652173913 0.02265625 0.08260869565217391
5 0.683203125 0.39202898550724635 0.02578125 0.08840579710144927