6 0.3325396825396825 0.346045197740113 0.06190476190476191 0.07062146892655367
4 0.7 0.5692090395480226 0.06031746031746032 0.1327683615819209
4 0.696031746031746 0.4632768361581921 0.06507936507936508 0.06779661016949153
4 0.5801587301587302 0.4209039548022599 0.0746031746031746 0.06779661016949153
4 0.5484126984126985 0.4971751412429379 0.10317460317460317 0.10734463276836158
4 0.44682539682539685 0.4491525423728814 0.08412698412698413 0.062146892655367235
4 0.4507936507936508 0.3672316384180791 0.05714285714285714 0.05649717514124294
4 0.2388888888888889 0.4322033898305085 0.03968253968253968 0.062146892655367235
3 0.20873015873015874 0.8022598870056498 0.049206349206349205 0.10734463276836158
5 0.37142857142857144 0.6892655367231638 0.031746031746031744 0.10734463276836158
5 0.4880952380952381 0.7372881355932204 0.05238095238095238 0.096045197740113
5 0.32301587301587303 0.4943502824858757 0.03015873015873016 0.07344632768361582
5 0.2873015873015873 0.5042372881355932 0.031746031746031744 0.059322033898305086
5 0.4119047619047619 0.5550847457627118 0.03968253968253968 0.07627118644067797
5 0.4380952380952381 0.5310734463276836 0.0380952380952381 0.07344632768361582
5 0.5238095238095238 0.5833333333333334 0.04126984126984127 0.08192090395480225
5 0.7 0.6680790960451978 0.05396825396825397 0.09322033898305085
5 0.7817460317460317 0.538135593220339 0.03968253968253968 0.06497175141242938