1 0.340234375 0.34855072463768116 0.08046875 0.2942028985507246
4 0.24609375 0.8311594202898551 0.1515625 0.3347826086956522
4 0.614453125 0.7862318840579711 0.13046875 0.2594202898550725
4 0.49921875 0.38623188405797104 0.0453125 0.07971014492753623
5 0.9421875 0.7326086956521739 0.0625 0.16666666666666666
5 0.861328125 0.5094202898550725 0.03828125 0.11159420289855072
5 0.840234375 0.6239130434782608 0.04921875 0.14347826086956522
5 0.783203125 0.5202898550724637 0.03828125 0.12753623188405797
5 0.8203125 0.427536231884058 0.0390625 0.09855072463768116
7 0.1953125 0.4210144927536232 0.059375 0.16376811594202897
6 0.26015625 0.39710144927536234 0.0734375 0.22608695652173913