4 0.6047619047619047 0.5112994350282486 0.10476190476190476 0.10734463276836158
4 0.7388888888888889 0.6299435028248588 0.09682539682539683 0.1751412429378531
4 0.5952380952380952 0.3870056497175141 0.06349206349206349 0.05084745762711865
6 0.4111111111111111 0.3771186440677966 0.07936507936507936 0.10451977401129943
4 0.18015873015873016 0.556497175141243 0.09365079365079365 0.1016949152542373
4 0.0880952380952381 0.559322033898305 0.06507936507936508 0.10734463276836158
5 0.09682539682539683 0.5790960451977402 0.02857142857142857 0.07344632768361582
5 0.012698412698412698 0.5621468926553672 0.025396825396825397 0.05084745762711865
3 0.20396825396825397 0.8050847457627118 0.05873015873015873 0.11299435028248588
5 0.07539682539682539 0.9152542372881356 0.06190476190476191 0.10734463276836158
5 0.05238095238095238 0.7824858757062146 0.044444444444444446 0.1016949152542373
5 0.4579365079365079 0.7443502824858758 0.046031746031746035 0.11581920903954802
5 0.4 0.8403954802259888 0.050793650793650794 0.11581920903954802
5 0.36666666666666664 0.9350282485875706 0.047619047619047616 0.12429378531073447
5 0.5928571428571429 0.6822033898305084 0.05238095238095238 0.08757062146892655
5 0.665079365079365 0.6963276836158192 0.050793650793650794 0.09322033898305085
5 0.6428571428571429 0.6271186440677966 0.044444444444444446 0.07344632768361582
5 0.6730158730158731 0.5621468926553672 0.04126984126984127 0.06779661016949153
5 0.6817460317460318 0.5070621468926554 0.03650793650793651 0.059322033898305086
5 0.6888888888888889 0.4322033898305085 0.02857142857142857 0.04519774011299435
5 0.5658730158730159 0.5522598870056498 0.03650793650793651 0.07627118644067797
5 0.49682539682539684 0.5480225988700564 0.03492063492063492 0.07909604519774012
5 0.34285714285714286 0.4844632768361582 0.02857142857142857 0.06497175141242938
5 0.36507936507936506 0.4731638418079096 0.02857142857142857 0.06497175141242938
5 0.5238095238095238 0.4562146892655367 0.03492063492063492 0.059322033898305086
5 0.546031746031746 0.4830508474576271 0.01904761904761905 0.07344632768361582
5 0.31587301587301586 0.4293785310734463 0.02857142857142857 0.05084745762711865
5 0.26587301587301587 0.4731638418079096 0.020634920634920634 0.059322033898305086
5 0.3388888888888889 0.4081920903954802 0.020634920634920634 0.0480225988700565
4 0.2507936507936508 0.4081920903954802 0.031746031746031744 0.059322033898305086
5 0.7658730158730159 0.538135593220339 0.03650793650793651 0.06497175141242938
5 0.8055555555555556 0.6002824858757062 0.04285714285714286 0.07627118644067797
6 0.9317460317460318 0.559322033898305 0.10158730158730159 0.12994350282485875
5 0.9388888888888889 0.7782485875706214 0.046031746031746035 0.08757062146892655
5 0.876984126984127 0.7231638418079096 0.05238095238095238 0.07909604519774012
5 0.8587301587301587 0.7810734463276836 0.05396825396825397 0.09322033898305085
5 0.9079365079365079 0.655367231638418 0.044444444444444446 0.0847457627118644
5 0.9650793650793651 0.7471751412429378 0.044444444444444446 0.08192090395480225
5 0.8603174603174604 0.4971751412429379 0.031746031746031744 0.05084745762711865
5 0.7579365079365079 0.4689265536723164 0.03015873015873016 0.05084745762711865
0 0.28888888888888886 0.3290960451977401 0.07936507936507936 0.07062146892655367
4 0.3611111111111111 0.3432203389830508 0.03015873015873016 0.0423728813559322
4 0.3388888888888889 0.384180790960452 0.046031746031746035 0.05084745762711865