5 0.876953125 0.7125 0.16796875 0.3333333333333333
5 0.3234375 0.6805555555555556 0.1078125 0.4083333333333333
5 0.73828125 0.5659722222222222 0.1234375 0.2763888888888889
5 0.187890625 0.33541666666666664 0.03515625 0.15694444444444444
5 0.8421875 0.5659722222222222 0.0984375 0.1763888888888889
5 0.2609375 0.3173611111111111 0.034375 0.1486111111111111
5 0.433984375 0.3451388888888889 0.03984375 0.1597222222222222
5 0.406640625 0.3090277777777778 0.03359375 0.14027777777777778
5 0.359375 0.25763888888888886 0.025 0.10138888888888889
5 0.313671875 0.25972222222222224 0.03046875 0.10833333333333334
3 0.209765625 0.22430555555555556 0.02421875 0.08472222222222223
4 0.27109375 0.15486111111111112 0.0421875 0.0625
4 0.32109375 0.1673611111111111 0.0328125 0.04861111111111111
5 0.3484375 0.20208333333333334 0.0171875 0.0763888888888889
5 0.307421875 0.20416666666666666 0.01953125 0.07222222222222222
5 0.596484375 0.4847222222222222 0.08046875 0.23333333333333334
5 0.521875 0.44930555555555557 0.0578125 0.2125
5 0.546875 0.37569444444444444 0.0390625 0.16527777777777777
5 0.966796875 0.7152777777777778 0.06640625 0.24166666666666667