0 0.1007936507936508 0.3771186440677966 0.14126984126984127 0.2062146892655367
6 0.9531746031746032 0.442090395480226 0.09365079365079365 0.1384180790960452
4 0.8507936507936508 0.3742937853107345 0.06666666666666667 0.07627118644067797
4 0.734920634920635 0.4463276836158192 0.11746031746031746 0.11864406779661017
4 0.4658730158730159 0.18220338983050846 0.04285714285714286 0.0423728813559322
4 0.20476190476190476 0.4138418079096045 0.09841269841269841 0.11581920903954802
4 0.2706349206349206 0.480225988700565 0.09047619047619047 0.12994350282485875
4 0.10793650793650794 0.6793785310734464 0.12698412698412698 0.20056497175141244
7 0.3198412698412698 0.2711864406779661 0.06190476190476191 0.0847457627118644
5 0.430952380952381 0.5988700564971752 0.05238095238095238 0.11299435028248588
5 0.3388888888888889 0.8192090395480226 0.05555555555555555 0.0903954802259887
5 0.3547619047619048 0.422316384180791 0.04285714285714286 0.09322033898305085
5 0.4111111111111111 0.3389830508474576 0.025396825396825397 0.07909604519774012
5 0.45396825396825397 0.3163841807909605 0.022222222222222223 0.07344632768361582
5 0.42698412698412697 0.2909604519774011 0.022222222222222223 0.06779661016949153
5 0.5158730158730159 0.2641242937853107 0.022222222222222223 0.059322033898305086
5 0.45396825396825397 0.24717514124293785 0.01904761904761905 0.059322033898305086
5 0.3198412698412698 0.5070621468926554 0.04285714285714286 0.09322033898305085