5 0.613671875 0.8222222222222222 0.15234375 0.35555555555555557
5 0.365234375 0.44027777777777777 0.05546875 0.23055555555555557
5 0.264453125 0.28125 0.02265625 0.11527777777777778
5 0.226953125 0.32013888888888886 0.03203125 0.14305555555555555
5 0.91171875 0.5972222222222222 0.115625 0.2833333333333333
4 0.324609375 0.1701388888888889 0.03515625 0.05416666666666667
5 0.52421875 0.5993055555555555 0.096875 0.3402777777777778
5 0.243359375 0.20833333333333334 0.02109375 0.07222222222222222
5 0.26484375 0.20833333333333334 0.0234375 0.08611111111111111
3 0.398828125 0.2298611111111111 0.01796875 0.09305555555555556
5 0.206640625 0.21805555555555556 0.01640625 0.07222222222222222