7 0.16984126984126985 0.4279661016949153 0.08571428571428572 0.1271186440677966
4 0.05238095238095238 0.7782485875706214 0.10476190476190476 0.211864406779661
6 0.09285714285714286 0.442090395480226 0.09682539682539683 0.18926553672316385
4 0.3111111111111111 0.346045197740113 0.08253968253968254 0.09322033898305085
4 0.3126984126984127 0.2132768361581921 0.047619047619047616 0.05367231638418079
4 0.3047619047619048 0.2782485875706215 0.06666666666666667 0.08192090395480225
7 0.3611111111111111 0.16242937853107345 0.05238095238095238 0.06497175141242938
4 0.37777777777777777 0.18220338983050846 0.047619047619047616 0.06497175141242938
4 0.4103174603174603 0.18926553672316385 0.04285714285714286 0.04519774011299435
0 0.42698412698412697 0.11299435028248588 0.05396825396825397 0.06779661016949153
4 0.23095238095238096 0.5112994350282486 0.1126984126984127 0.15819209039548024
4 0.7150793650793651 0.3912429378531073 0.10317460317460317 0.12146892655367232
4 0.8507936507936508 0.3771186440677966 0.06984126984126984 0.08192090395480225
0 0.946031746031746 0.5042372881355932 0.10793650793650794 0.2401129943502825
5 0.30158730158730157 0.9463276836158192 0.07936507936507936 0.10734463276836158
5 0.326984126984127 0.8361581920903954 0.08571428571428572 0.12429378531073447
5 0.4119047619047619 0.8361581920903954 0.06190476190476191 0.13559322033898305
5 0.3611111111111111 0.6822033898305084 0.05873015873015873 0.1327683615819209
5 0.18888888888888888 0.6850282485875706 0.050793650793650794 0.11016949152542373
5 0.1388888888888889 0.7062146892655368 0.049206349206349205 0.0903954802259887
5 0.16031746031746033 0.5480225988700564 0.03492063492063492 0.1016949152542373
5 0.15793650793650793 0.6299435028248588 0.05238095238095238 0.0847457627118644
5 0.3357142857142857 0.4209039548022599 0.03333333333333333 0.0847457627118644
3 0.37142857142857144 0.4180790960451977 0.03492063492063492 0.0903954802259887
5 0.3888888888888889 0.4491525423728814 0.04126984126984127 0.0903954802259887
5 0.33650793650793653 0.5042372881355932 0.050793650793650794 0.08192090395480225
5 0.26587301587301587 0.5692090395480226 0.049206349206349205 0.10451977401129943
5 0.430952380952381 0.384180790960452 0.03333333333333333 0.0847457627118644
5 0.3611111111111111 0.2711864406779661 0.03015873015873016 0.05649717514124294
5 0.5928571428571429 0.3573446327683616 0.01746031746031746 0.07627118644067797
5 0.5658730158730159 0.3022598870056497 0.01746031746031746 0.06779661016949153
5 0.5444444444444444 0.3361581920903955 0.01904761904761905 0.07909604519774012
5 0.376984126984127 0.3290960451977401 0.020634920634920634 0.07627118644067797
5 0.39206349206349206 0.288135593220339 0.015873015873015872 0.05649717514124294
5 0.4650793650793651 0.3121468926553672 0.015873015873015872 0.08192090395480225
5 0.49603174603174605 0.3121468926553672 0.01746031746031746 0.07627118644067797
5 0.9238095238095239 0.596045197740113 0.044444444444444446 0.07909604519774012
5 0.8539682539682539 0.4251412429378531 0.0380952380952381 0.05367231638418079
5 0.8158730158730159 0.4011299435028249 0.0380952380952381 0.05649717514124294
5 0.2150793650793651 0.2641242937853107 0.020634920634920634 0.05367231638418079
5 0.1865079365079365 0.2768361581920904 0.026984126984126985 0.05084745762711865
5 0.7150793650793651 0.2754237288135593 0.03015873015873016 0.05367231638418079