4 0.4984126984126984 0.4830508474576271 0.09523809523809523 0.10734463276836158
4 0.6928571428571428 0.4661016949152542 0.08095238095238096 0.07344632768361582
4 0.830952380952381 0.5169491525423728 0.06507936507936508 0.07909604519774012
4 0.7 0.556497175141243 0.0761904761904762 0.11864406779661017
0 0.3904761904761905 0.3220338983050847 0.07301587301587302 0.062146892655367235
4 0.523015873015873 0.3983050847457627 0.06507936507936508 0.062146892655367235
6 0.3047619047619048 0.3432203389830508 0.05396825396825397 0.07062146892655367
4 0.25476190476190474 0.3545197740112994 0.026984126984126985 0.03672316384180791
5 0.49603174603174605 0.7274011299435028 0.05238095238095238 0.10451977401129943
5 0.3357142857142857 0.5861581920903954 0.026984126984126985 0.08192090395480225
5 0.28888888888888886 0.4901129943502825 0.025396825396825397 0.059322033898305086
5 0.403968253968254 0.4011299435028249 0.023809523809523808 0.05649717514124294
5 0.4587301587301587 0.4081920903954802 0.02857142857142857 0.0480225988700565
5 0.3531746031746032 0.8912429378531074 0.05555555555555555 0.11581920903954802
3 0.2119047619047619 0.7951977401129944 0.049206349206349205 0.11016949152542373
5 0.046031746031746035 0.75 0.0380952380952381 0.09322033898305085
5 0.01904761904761905 0.768361581920904 0.0380952380952381 0.096045197740113
5 0.07777777777777778 0.9152542372881356 0.06031746031746032 0.10734463276836158
5 0.25793650793650796 0.942090395480226 0.05873015873015873 0.11016949152542373
4 0.25396825396825395 0.4152542372881356 0.031746031746031744 0.05649717514124294
5 0.33015873015873015 0.4830508474576271 0.02857142857142857 0.07344632768361582
5 0.5928571428571429 0.4661016949152542 0.03015873015873016 0.062146892655367235
5 0.5349206349206349 0.5861581920903954 0.04126984126984127 0.07627118644067797
5 0.7182539682539683 0.7048022598870056 0.05238095238095238 0.09887005649717515
5 0.7849206349206349 0.692090395480226 0.05238095238095238 0.0903954802259887
5 0.7634920634920634 0.6412429378531074 0.050793650793650794 0.0903954802259887
5 0.8547619047619047 0.6652542372881356 0.046031746031746035 0.07627118644067797
5 0.8650793650793651 0.730225988700565 0.047619047619047616 0.08192090395480225
5 0.6015873015873016 0.4011299435028249 0.025396825396825397 0.04519774011299435
5 0.2253968253968254 0.4562146892655367 0.015873015873015872 0.05367231638418079
5 0.43333333333333335 0.5310734463276836 0.031746031746031744 0.06779661016949153