0 0.6261904761904762 0.3192090395480226 0.18571428571428572 0.2033898305084746
4 0.1619047619047619 0.576271186440678 0.09841269841269841 0.14124293785310735
4 0.20873015873015874 0.4081920903954802 0.0873015873015873 0.11016949152542373
4 0.276984126984127 0.3771186440677966 0.07777777777777778 0.09322033898305085
4 0.30634920634920637 0.288135593220339 0.05714285714285714 0.06779661016949153
4 0.8468253968253968 0.3771186440677966 0.07777777777777778 0.07627118644067797
4 0.9611111111111111 0.4322033898305085 0.0746031746031746 0.0903954802259887
4 0.4738095238095238 0.2570621468926554 0.07777777777777778 0.06779661016949153
6 0.3523809523809524 0.192090395480226 0.05714285714285714 0.0903954802259887
3 0.15396825396825398 0.7161016949152542 0.06031746031746032 0.12146892655367232
5 0.49682539682539684 0.4293785310734463 0.031746031746031744 0.0847457627118644
5 0.526984126984127 0.3898305084745763 0.022222222222222223 0.0847457627118644
5 0.5642857142857143 0.3884180790960452 0.023809523809523808 0.08757062146892655
5 0.3341269841269841 0.2980225988700565 0.01746031746031746 0.06497175141242938
5 0.6619047619047619 0.5240112994350282 0.06031746031746032 0.07062146892655367