4 0.3888888888888889 0.2711864406779661 0.06031746031746032 0.07344632768361582
4 0.3968253968253968 0.2062146892655367 0.05396825396825397 0.05649717514124294
4 0.85 0.3799435028248588 0.06825396825396825 0.08192090395480225
6 0.946031746031746 0.4533898305084746 0.07936507936507936 0.1440677966101695
4 0.044444444444444446 0.7853107344632768 0.08888888888888889 0.14124293785310735
4 0.15396825396825398 0.617231638418079 0.12063492063492064 0.16666666666666666
4 0.1357142857142857 0.5141242937853108 0.1126984126984127 0.14689265536723164
4 0.35793650793650794 0.4251412429378531 0.11904761904761904 0.12146892655367232
4 0.13174603174603175 0.4081920903954802 0.08571428571428572 0.12146892655367232
7 0.23174603174603176 0.3629943502824859 0.07936507936507936 0.10451977401129943
5 0.3341269841269841 0.3432203389830508 0.03650793650793651 0.07062146892655367
5 0.6055555555555555 0.5155367231638418 0.05873015873015873 0.08192090395480225
5 0.3007936507936508 0.9463276836158192 0.0873015873015873 0.10734463276836158
5 0.33174603174603173 0.8361581920903954 0.0761904761904762 0.11864406779661017
5 0.4111111111111111 0.8361581920903954 0.06031746031746032 0.12994350282485875
5 0.17936507936507937 0.6991525423728814 0.05396825396825397 0.11016949152542373
5 0.1253968253968254 0.7401129943502824 0.05396825396825397 0.10734463276836158
5 0.19206349206349208 0.6271186440677966 0.05396825396825397 0.07344632768361582
5 0.25873015873015875 0.5692090395480226 0.047619047619047616 0.09322033898305085
5 0.4444444444444444 0.24717514124293785 0.01904761904761905 0.059322033898305086
5 0.9007936507936508 0.5861581920903954 0.046031746031746035 0.09322033898305085
5 0.7373015873015873 0.5451977401129944 0.05238095238095238 0.096045197740113
5 0.8539682539682539 0.4265536723163842 0.0380952380952381 0.06779661016949153
5 0.8150793650793651 0.403954802259887 0.03968253968253968 0.062146892655367235
5 0.7380952380952381 0.3432203389830508 0.04126984126984127 0.07627118644067797
5 0.7158730158730159 0.2782485875706215 0.02857142857142857 0.05367231638418079
0 0.3198412698412698 0.18926553672316385 0.08412698412698413 0.11299435028248588
7 0.1523809523809524 0.3022598870056497 0.0761904761904762 0.11299435028248588