7 0.46796875 0.24057971014492754 0.046875 0.10144927536231885
4 0.612109375 0.44420289855072465 0.09296875 0.14347826086956522
4 0.497265625 0.3065217391304348 0.04921875 0.09710144927536232
7 0.5109375 0.22391304347826088 0.04375 0.08550724637681159
5 0.76328125 0.45507246376811594 0.0328125 0.1246376811594203
0 0.20390625 0.4152173913043478 0.0828125 0.19855072463768117
4 0.3421875 0.40217391304347827 0.0546875 0.1144927536231884
4 0.601171875 0.9057971014492754 0.14296875 0.18840579710144928
5 0.875390625 0.5630434782608695 0.04140625 0.1492753623188406
5 0.72109375 0.3789855072463768 0.021875 0.09130434782608696
5 0.951171875 0.7456521739130435 0.06484375 0.17246376811594202
5 0.85 0.731159420289855 0.0609375 0.16666666666666666