6 0.4928571428571429 0.4661016949152542 0.10952380952380952 0.15254237288135594
0 0.9658730158730159 0.5451977401129944 0.06825396825396825 0.13559322033898305
4 0.025396825396825397 0.6313559322033898 0.050793650793650794 0.11016949152542373
4 0.31507936507936507 0.3629943502824859 0.03968253968253968 0.0480225988700565
4 0.37936507936507935 0.3601694915254237 0.04126984126984127 0.0423728813559322
4 0.5468253968253968 0.4590395480225989 0.05555555555555555 0.06497175141242938
4 0.7404761904761905 0.5211864406779662 0.09682539682539683 0.08192090395480225
3 0.20317460317460317 0.8022598870056498 0.047619047619047616 0.11864406779661017
5 0.46190476190476193 0.7471751412429378 0.05396825396825397 0.09887005649717515
5 0.41904761904761906 0.634180790960452 0.05714285714285714 0.08757062146892655
5 0.6595238095238095 0.6779661016949152 0.05873015873015873 0.07909604519774012
5 0.5928571428571429 0.5663841807909604 0.049206349206349205 0.09322033898305085
5 0.41349206349206347 0.518361581920904 0.03015873015873016 0.07627118644067797
5 0.3404761904761905 0.4929378531073446 0.026984126984126985 0.06497175141242938
5 0.276984126984127 0.4703389830508475 0.023809523809523808 0.059322033898305086
5 0.12380952380952381 0.5282485875706214 0.0380952380952381 0.07344632768361582
5 0.8928571428571429 0.7019774011299436 0.046031746031746035 0.08192090395480225
5 0.95 0.6963276836158192 0.03968253968253968 0.08757062146892655