0 0.7968253968253968 0.4081920903954802 0.2 0.2627118644067797
4 0.9611111111111111 0.4364406779661017 0.0746031746031746 0.08757062146892655
4 0.5817460317460318 0.3121468926553672 0.09365079365079365 0.08757062146892655
4 0.3634920634920635 0.1751412429378531 0.04126984126984127 0.04519774011299435
4 0.35793650793650794 0.23022598870056496 0.049206349206349205 0.0423728813559322
4 0.3 0.3531073446327684 0.07936507936507936 0.0903954802259887
4 0.2611111111111111 0.3319209039548023 0.07142857142857142 0.08757062146892655
4 0.2119047619047619 0.5353107344632768 0.11904761904761904 0.1553672316384181
6 0.25873015873015875 0.2669491525423729 0.08253968253968254 0.12146892655367232
7 0.11190476190476191 0.5098870056497176 0.09047619047619047 0.1327683615819209
5 0.173015873015873 0.7161016949152542 0.050793650793650794 0.11581920903954802
5 0.2873015873015873 0.559322033898305 0.04126984126984127 0.096045197740113
5 0.4777777777777778 0.5141242937853108 0.044444444444444446 0.1016949152542373
5 0.5253968253968254 0.3884180790960452 0.022222222222222223 0.08192090395480225
5 0.5611111111111111 0.3432203389830508 0.01746031746031746 0.07627118644067797
5 0.376984126984127 0.4081920903954802 0.03650793650793651 0.08757062146892655
5 0.4444444444444444 0.3601694915254237 0.022222222222222223 0.08757062146892655
5 0.4 0.23728813559322035 0.01904761904761905 0.05084745762711865
5 0.5007936507936508 0.2782485875706215 0.01746031746031746 0.059322033898305086
5 0.7412698412698413 0.4562146892655367 0.044444444444444446 0.08757062146892655
5 0.8849206349206349 0.6242937853107344 0.05238095238095238 0.0903954802259887
5 0.473015873015873 0.3728813559322034 0.025396825396825397 0.0847457627118644
5 0.5190476190476191 0.3050847457627119 0.015873015873015872 0.062146892655367235