4 0.508984375 0.4340579710144927 0.06953125 0.12608695652173912
4 0.540234375 0.2811594202898551 0.05546875 0.08985507246376812
5 0.853125 0.4731884057971015 0.0484375 0.1144927536231884
5 0.6984375 0.39710144927536234 0.0328125 0.10434782608695652
5 0.76328125 0.4601449275362319 0.034375 0.11159420289855072
5 0.747265625 0.4144927536231884 0.03046875 0.10144927536231885
5 0.66796875 0.33405797101449275 0.021875 0.07971014492753623
5 0.65546875 0.3181159420289855 0.021875 0.06811594202898551
5 0.8921875 0.7123188405797102 0.0453125 0.14347826086956522
0 0.073046875 0.7557971014492754 0.14609375 0.48840579710144927
4 0.278125 0.6971014492753623 0.125 0.25507246376811593
1 0.354296875 0.31956521739130433 0.07734375 0.2826086956521739
6 0.27421875 0.3789855072463768 0.0703125 0.1753623188405797
7 0.21328125 0.39855072463768115 0.0578125 0.1565217391304348