4 0.8261904761904761 0.4731638418079096 0.1126984126984127 0.1271186440677966
4 0.046825396825396826 0.6751412429378532 0.09365079365079365 0.2033898305084746
4 0.07936507936507936 0.730225988700565 0.12380952380952381 0.211864406779661
7 0.19523809523809524 0.4011299435028249 0.07936507936507936 0.11299435028248588
4 0.2492063492063492 0.4858757062146893 0.11746031746031746 0.14689265536723164
4 0.8507936507936508 0.3714689265536723 0.06349206349206349 0.07062146892655367
4 0.9611111111111111 0.4293785310734463 0.0746031746031746 0.07909604519774012
0 0.4087301587301587 0.1271186440677966 0.05873015873015873 0.07344632768361582
4 0.326984126984127 0.3319209039548023 0.08253968253968254 0.08192090395480225
4 0.26904761904761904 0.2542372881355932 0.05238095238095238 0.06779661016949153
7 0.33174603174603173 0.17796610169491525 0.06031746031746032 0.07344632768361582
4 0.3349206349206349 0.2542372881355932 0.06349206349206349 0.06779661016949153
5 0.1984126984126984 0.6949152542372882 0.05396825396825397 0.11299435028248588
5 0.18015873015873016 0.5833333333333334 0.03650793650793651 0.10451977401129943
5 0.3468253968253968 0.7062146892655368 0.05555555555555555 0.12429378531073447
5 0.30238095238095236 0.9463276836158192 0.08412698412698413 0.10734463276836158
5 0.4119047619047619 0.8361581920903954 0.05873015873015873 0.12994350282485875
5 0.3277777777777778 0.8319209039548022 0.07777777777777778 0.11581920903954802
5 0.473015873015873 0.5621468926553672 0.05396825396825397 0.1016949152542373
5 0.35079365079365077 0.4731638418079096 0.04126984126984127 0.09322033898305085
5 0.44047619047619047 0.4364406779661017 0.046031746031746035 0.08757062146892655
5 0.3 0.3771186440677966 0.0380952380952381 0.07627118644067797
5 0.38095238095238093 0.3502824858757062 0.025396825396825397 0.07344632768361582
3 0.423015873015873 0.3601694915254237 0.03015873015873016 0.08757062146892655
5 0.4507936507936508 0.3813559322033898 0.031746031746031744 0.06779661016949153
4 0.44206349206349205 0.16807909604519775 0.03650793650793651 0.0423728813559322
5 0.7150793650793651 0.2740112994350282 0.03015873015873016 0.05084745762711865
5 0.7357142857142858 0.3432203389830508 0.03650793650793651 0.059322033898305086
5 0.8539682539682539 0.4209039548022599 0.0380952380952381 0.06779661016949153
5 0.353968253968254 0.422316384180791 0.031746031746031744 0.06497175141242938
5 0.01904761904761905 0.501412429378531 0.031746031746031744 0.07062146892655367
5 0.06587301587301587 0.4632768361581921 0.026984126984126985 0.07909604519774012
5 0.5341269841269841 0.2980225988700565 0.01746031746031746 0.07062146892655367
5 0.557936507936508 0.3050847457627119 0.01746031746031746 0.06779661016949153
5 0.46984126984126984 0.3333333333333333 0.022222222222222223 0.07344632768361582
5 0.38492063492063494 0.2980225988700565 0.023809523809523808 0.05367231638418079
5 0.515079365079365 0.2782485875706215 0.01746031746031746 0.059322033898305086