4 0.16328125 0.9541666666666667 0.1640625 0.08888888888888889
4 0.40546875 0.9361111111111111 0.19375 0.12777777777777777
4 0.20234375 0.8638888888888889 0.1375 0.16666666666666666
4 0.04375 0.8479166666666667 0.0875 0.15694444444444444
4 0.072265625 0.7902777777777777 0.09453125 0.10833333333333334
4 0.26015625 0.8173611111111111 0.1234375 0.12361111111111112
6 0.915234375 0.9069444444444444 0.16953125 0.18611111111111112
2 0.63828125 0.7416666666666667 0.1171875 0.16944444444444445
2 0.758203125 0.6875 0.11640625 0.16944444444444445
2 0.82734375 0.65625 0.059375 0.09861111111111111
0 0.918359375 0.7708333333333334 0.05703125 0.07777777777777778