6 0.3349206349206349 0.346045197740113 0.06031746031746032 0.07062146892655367
4 0.7007936507936507 0.5720338983050848 0.06190476190476191 0.1271186440677966
4 0.6753968253968254 0.4519774011299435 0.06190476190476191 0.05649717514124294
4 0.5619047619047619 0.4152542372881356 0.07301587301587302 0.062146892655367235
4 0.5547619047619048 0.5042372881355932 0.10634920634920635 0.10451977401129943
4 0.4388888888888889 0.4491525423728814 0.07777777777777778 0.062146892655367235
4 0.4380952380952381 0.3644067796610169 0.050793650793650794 0.05084745762711865
4 0.2357142857142857 0.4350282485875706 0.04285714285714286 0.06779661016949153
5 0.046031746031746035 0.7542372881355932 0.0380952380952381 0.096045197740113
5 0.39285714285714285 0.8432203389830508 0.06190476190476191 0.11016949152542373
5 0.515079365079365 0.7203389830508474 0.05238095238095238 0.0903954802259887
5 0.6833333333333333 0.713276836158192 0.05873015873015873 0.07627118644067797
5 0.7357142857142858 0.6864406779661016 0.05238095238095238 0.096045197740113
5 0.5404761904761904 0.5932203389830508 0.046031746031746035 0.0903954802259887
5 0.43492063492063493 0.5692090395480226 0.04126984126984127 0.08192090395480225
5 0.34285714285714286 0.501412429378531 0.031746031746031744 0.07062146892655367
5 0.30634920634920637 0.5098870056497176 0.031746031746031744 0.06497175141242938