6 0.5563492063492064 0.5042372881355932 0.13174603174603175 0.17231638418079095
4 0.7309523809523809 0.5169491525423728 0.09365079365079365 0.0847457627118644
0 0.9087301587301587 0.5211864406779662 0.14126984126984127 0.1553672316384181
5 0.7928571428571428 0.7161016949152542 0.05238095238095238 0.09322033898305085
5 0.7587301587301587 0.617231638418079 0.050793650793650794 0.08757062146892655
5 0.584920634920635 0.692090395480226 0.05555555555555555 0.0847457627118644
5 0.526984126984127 0.6468926553672316 0.05714285714285714 0.0847457627118644
5 0.423015873015873 0.7740112994350282 0.05555555555555555 0.10734463276836158
3 0.20238095238095238 0.8050847457627118 0.05238095238095238 0.11299435028248588
5 0.025396825396825397 0.7951977401129944 0.044444444444444446 0.09322033898305085
5 0.07936507936507936 0.9152542372881356 0.06031746031746032 0.1016949152542373
5 0.026984126984126985 0.6002824858757062 0.04126984126984127 0.07627118644067797
5 0.07777777777777778 0.5141242937853108 0.02857142857142857 0.07344632768361582
4 0.3253968253968254 0.3742937853107345 0.04126984126984127 0.059322033898305086
4 0.326984126984127 0.3290960451977401 0.03492063492063492 0.03672316384180791
4 0.35634920634920636 0.3545197740112994 0.03968253968253968 0.03672316384180791
5 0.4111111111111111 0.5423728813559322 0.03492063492063492 0.07909604519774012
5 0.4523809523809524 0.4632768361581921 0.031746031746031744 0.07344632768361582
5 0.3333333333333333 0.4929378531073446 0.031746031746031744 0.07062146892655367
5 0.4928571428571429 0.5649717514124294 0.03968253968253968 0.07909604519774012
5 0.5603174603174603 0.5621468926553672 0.04126984126984127 0.07909604519774012
5 0.596031746031746 0.597457627118644 0.04285714285714286 0.08757062146892655
5 0.44682539682539685 0.5282485875706214 0.03333333333333333 0.07909604519774012
5 0.36904761904761907 0.4632768361581921 0.020634920634920634 0.062146892655367235
5 0.2896825396825397 0.442090395480226 0.01746031746031746 0.059322033898305086
5 0.14523809523809525 0.8799435028248588 0.05873015873015873 0.11016949152542373
5 0.3468253968253968 0.4350282485875706 0.01746031746031746 0.05649717514124294
5 0.276984126984127 0.4251412429378531 0.014285714285714285 0.059322033898305086