0 0.15079365079365079 0.3163841807909605 0.13333333333333333 0.1694915254237288
4 0.08888888888888889 0.7019774011299436 0.12698412698412698 0.20056497175141244
4 0.2388888888888889 0.5070621468926554 0.10317460317460317 0.1384180790960452
4 0.173015873015873 0.4562146892655367 0.09841269841269841 0.12146892655367232
4 0.45396825396825397 0.19915254237288135 0.044444444444444446 0.0480225988700565
4 0.6484126984126984 0.4081920903954802 0.11904761904761904 0.11016949152542373
4 0.8539682539682539 0.3771186440677966 0.06666666666666667 0.07627118644067797
7 0.29444444444444445 0.2909604519774011 0.06507936507936508 0.0847457627118644
6 0.9515873015873015 0.4435028248587571 0.09682539682539683 0.14689265536723164
5 0.35079365079365077 0.7033898305084746 0.05396825396825397 0.11299435028248588
5 0.2619047619047619 0.5889830508474576 0.044444444444444446 0.09322033898305085
5 0.20793650793650795 0.6440677966101694 0.050793650793650794 0.10734463276836158
5 0.353968253968254 0.4251412429378531 0.02857142857142857 0.08757062146892655
5 0.4119047619047619 0.3799435028248588 0.03015873015873016 0.08757062146892655
5 0.39285714285714285 0.3573446327683616 0.023809523809523808 0.08192090395480225
5 0.46190476190476193 0.3192090395480226 0.025396825396825397 0.07344632768361582
5 0.4253968253968254 0.2853107344632768 0.01904761904761905 0.062146892655367235
5 0.10873015873015873 0.4378531073446328 0.03650793650793651 0.0847457627118644
5 0.03333333333333333 0.4872881355932203 0.031746031746031744 0.07062146892655367
5 0.3404761904761905 0.8192090395480226 0.05238095238095238 0.096045197740113