0 0.41904761904761906 0.3305084745762712 0.07936507936507936 0.06779661016949153
5 0.42936507936507934 0.7951977401129944 0.05238095238095238 0.10451977401129943
5 0.546031746031746 0.5932203389830508 0.044444444444444446 0.07909604519774012
5 0.6079365079365079 0.6511299435028248 0.050793650793650794 0.09322033898305085
5 0.30634920634920637 0.5423728813559322 0.025396825396825397 0.07344632768361582
5 0.046031746031746035 0.75 0.0380952380952381 0.09322033898305085
5 0.6619047619047619 0.4872881355932203 0.03492063492063492 0.059322033898305086
5 0.7007936507936507 0.6468926553672316 0.049206349206349205 0.0847457627118644
5 0.7579365079365079 0.6271186440677966 0.046031746031746035 0.07344632768361582
5 0.2777777777777778 0.5861581920903954 0.0380952380952381 0.06497175141242938
4 0.25873015873015875 0.4067796610169492 0.031746031746031744 0.05084745762711865
4 0.46984126984126984 0.4689265536723164 0.08888888888888889 0.096045197740113
4 0.5738095238095238 0.4138418079096045 0.06825396825396825 0.06497175141242938
4 0.7047619047619048 0.5409604519774012 0.07936507936507936 0.10451977401129943
4 0.7579365079365079 0.4971751412429379 0.08412698412698413 0.07909604519774012
6 0.2904761904761905 0.3361581920903955 0.050793650793650794 0.062146892655367235