6 0.43333333333333335 0.384180790960452 0.08571428571428572 0.10734463276836158
6 0.8920634920634921 0.538135593220339 0.10793650793650794 0.12146892655367232
0 0.30238095238095236 0.3319209039548023 0.08412698412698413 0.06497175141242938
4 0.7714285714285715 0.6581920903954802 0.11428571428571428 0.1638418079096045
4 0.6238095238095238 0.5211864406779662 0.10793650793650794 0.11016949152542373
4 0.553968253968254 0.3700564971751412 0.050793650793650794 0.05084745762711865
4 0.35079365079365077 0.3940677966101695 0.044444444444444446 0.0480225988700565
4 0.24603174603174602 0.4152542372881356 0.031746031746031744 0.05084745762711865
4 0.08968253968253968 0.617231638418079 0.09047619047619047 0.11016949152542373
4 0.031746031746031744 0.614406779661017 0.06349206349206349 0.10451977401129943
3 0.2007936507936508 0.806497175141243 0.049206349206349205 0.11581920903954802
5 0.403968253968254 0.8601694915254238 0.049206349206349205 0.11581920903954802
5 0.45555555555555555 0.7711864406779662 0.050793650793650794 0.11299435028248588
5 0.3198412698412698 0.4971751412429379 0.026984126984126985 0.06779661016949153
5 0.5825396825396826 0.5932203389830508 0.050793650793650794 0.0847457627118644
5 0.703968253968254 0.6709039548022598 0.049206349206349205 0.09887005649717515
5 0.8325396825396826 0.7598870056497176 0.05238095238095238 0.1016949152542373
5 0.7507936507936508 0.7330508474576272 0.05396825396825397 0.09322033898305085
5 0.6944444444444444 0.5169491525423728 0.03333333333333333 0.05649717514124294
5 0.2619047619047619 0.4562146892655367 0.02857142857142857 0.059322033898305086