0 0.4119047619047619 0.3290960451977401 0.12857142857142856 0.059322033898305086
0 0.2388888888888889 0.3742937853107345 0.046031746031746035 0.08192090395480225
6 0.6396825396825396 0.4971751412429379 0.1365079365079365 0.1694915254237288
6 0.8539682539682539 0.5254237288135594 0.10793650793650794 0.12994350282485875
4 0.9674603174603175 0.5932203389830508 0.06507936507936508 0.0847457627118644
4 0.8603174603174604 0.6242937853107344 0.10476190476190476 0.14124293785310735
4 0.46984126984126984 0.4519774011299435 0.06349206349206349 0.07909604519774012
4 0.15873015873015872 0.5042372881355932 0.047619047619047616 0.08757062146892655
4 0.5468253968253968 0.2528248587570621 0.014285714285714285 0.002824858757062147
5 0.2833333333333333 0.905367231638418 0.06190476190476191 0.11581920903954802
5 0.36507936507936506 0.7951977401129944 0.0380952380952381 0.11016949152542373
5 0.44603174603174606 0.7372881355932204 0.044444444444444446 0.11864406779661017
5 0.46190476190476193 0.8502824858757062 0.047619047619047616 0.12429378531073447
5 0.5 0.7090395480225988 0.05714285714285714 0.1016949152542373
5 0.569047619047619 0.6709039548022598 0.05555555555555555 0.08757062146892655
5 0.6611111111111111 0.6864406779661016 0.05555555555555555 0.0847457627118644
5 0.553968253968254 0.6031073446327684 0.050793650793650794 0.07627118644067797
5 0.65 0.576271186440678 0.04285714285714286 0.07344632768361582
5 0.707936507936508 0.617231638418079 0.047619047619047616 0.07627118644067797
5 0.7507936507936508 0.6652542372881356 0.05396825396825397 0.07627118644067797
5 0.7611111111111111 0.7231638418079096 0.05238095238095238 0.1016949152542373
5 0.8111111111111111 0.7161016949152542 0.047619047619047616 0.09322033898305085
5 0.8468253968253968 0.6581920903954802 0.04285714285714286 0.06779661016949153
5 0.8579365079365079 0.7019774011299436 0.046031746031746035 0.09322033898305085
5 0.5650793650793651 0.5494350282485876 0.04126984126984127 0.08192090395480225
5 0.503968253968254 0.5522598870056498 0.03650793650793651 0.08192090395480225
5 0.4388888888888889 0.5423728813559322 0.03650793650793651 0.07344632768361582
5 0.46904761904761905 0.5 0.03015873015873016 0.062146892655367235
5 0.42857142857142855 0.4872881355932203 0.031746031746031744 0.059322033898305086
5 0.2507936507936508 0.5451977401129944 0.04126984126984127 0.07344632768361582
5 0.1261904761904762 0.6101694915254238 0.03968253968253968 0.06779661016949153
5 0.07936507936507936 0.6581920903954802 0.04126984126984127 0.07344632768361582
5 0.12698412698412698 0.6892655367231638 0.04126984126984127 0.0903954802259887
5 0.18412698412698414 0.7259887005649718 0.044444444444444446 0.07909604519774012
5 0.09206349206349207 0.8870056497175142 0.05396825396825397 0.10734463276836158
3 0.2007936507936508 0.7923728813559322 0.05238095238095238 0.08192090395480225
3 0.07301587301587302 0.713276836158192 0.04126984126984127 0.08757062146892655
3 0.36904761904761907 0.5042372881355932 0.03333333333333333 0.059322033898305086
3 0.30714285714285716 0.4562146892655367 0.020634920634920634 0.059322033898305086
3 0.3404761904761905 0.4491525423728814 0.01746031746031746 0.05649717514124294
3 0.23174603174603176 0.4491525423728814 0.015873015873015872 0.05084745762711865
3 0.25 0.4435028248587571 0.01746031746031746 0.05084745762711865
3 0.2698412698412698 0.4251412429378531 0.015873015873015872 0.0423728813559322
3 0.33174603174603173 0.3983050847457627 0.012698412698412698 0.05084745762711865
3 0.3111111111111111 0.4293785310734463 0.01904761904761905 0.04519774011299435
3 0.396031746031746 0.4491525423728814 0.01746031746031746 0.062146892655367235
3 0.4087301587301587 0.4392655367231638 0.020634920634920634 0.059322033898305086