7 0.041796875 0.6818840579710145 0.08359375 0.28840579710144926
1 0.236328125 0.6442028985507247 0.24921875 0.7086956521739131
6 0.12109375 0.6572463768115943 0.1484375 0.3869565217391304
4 0.8203125 0.7702898550724637 0.1453125 0.23043478260869565
5 0.684375 0.6891304347826087 0.0421875 0.1492753623188406
4 0.508203125 0.34782608695652173 0.04921875 0.10144927536231885
5 0.91015625 0.6326086956521739 0.0515625 0.14057971014492754
5 0.81328125 0.5072463768115942 0.0328125 0.11884057971014493
5 0.73828125 0.5 0.034375 0.12173913043478261
5 0.784375 0.41594202898550725 0.03125 0.10434782608695652
5 0.69140625 0.3898550724637681 0.021875 0.08695652173913043
5 0.672265625 0.35289855072463766 0.02578125 0.08550724637681159
5 0.719140625 0.4260869565217391 0.02734375 0.09565217391304348