4 0.297265625 0.35144927536231885 0.04140625 0.08840579710144927
7 0.550390625 0.65 0.14140625 0.3463768115942029
7 0.651171875 0.5159420289855072 0.12578125 0.23768115942028986
5 0.925 0.8456521739130435 0.06875 0.20434782608695654
5 0.103125 0.5898550724637681 0.0328125 0.13043478260869565
5 0.224609375 0.45869565217391306 0.02578125 0.09130434782608696
5 0.154296875 0.5521739130434783 0.02578125 0.10434782608695652
5 0.783203125 0.6659420289855073 0.04296875 0.16376811594202897
5 0.88515625 0.6565217391304348 0.059375 0.1681159420289855
5 0.790234375 0.55 0.03671875 0.12028985507246377
5 0.732421875 0.48985507246376814 0.03046875 0.10144927536231885
5 0.6203125 0.3159420289855073 0.01875 0.06666666666666667
5 0.658203125 0.37681159420289856 0.02265625 0.0782608695652174