5 0.39206349206349206 0.6370056497175142 0.05396825396825397 0.11016949152542373
5 0.5198412698412699 0.5282485875706214 0.05555555555555555 0.096045197740113
5 0.3817460317460317 0.4350282485875706 0.03650793650793651 0.096045197740113
5 0.4801587301587302 0.4011299435028249 0.03650793650793651 0.0847457627118644
4 0.873015873015873 0.501412429378531 0.10793650793650794 0.1440677966101695
4 0.8507936507936508 0.3771186440677966 0.06984126984126984 0.08192090395480225
4 0.9595238095238096 0.4251412429378531 0.06825396825396825 0.06497175141242938
4 0.05396825396825397 0.6412429378531074 0.10793650793650794 0.1864406779661017
4 0.08888888888888889 0.7203389830508474 0.12063492063492064 0.2033898305084746
4 0.3357142857142857 0.326271186440678 0.08095238095238096 0.08192090395480225
4 0.34285714285714286 0.24717514124293785 0.06349206349206349 0.059322033898305086
7 0.3126984126984127 0.18926553672316385 0.06349206349206349 0.07344632768361582
4 0.45476190476190476 0.153954802259887 0.03650793650793651 0.03672316384180791
0 0.4007936507936508 0.13135593220338984 0.06190476190476191 0.07627118644067797
7 0.20476190476190476 0.3912429378531073 0.08253968253968254 0.10451977401129943
4 0.2619047619047619 0.4731638418079096 0.1111111111111111 0.12146892655367232
5 0.10158730158730159 0.8601694915254238 0.06349206349206349 0.10451977401129943
5 0.21587301587301588 0.6652542372881356 0.047619047619047616 0.10451977401129943
5 0.15873015873015872 0.7471751412429378 0.05396825396825397 0.11016949152542373
5 0.2634920634920635 0.538135593220339 0.044444444444444446 0.09322033898305085
5 0.3349206349206349 0.3488700564971751 0.031746031746031744 0.07062146892655367
5 0.38095238095238093 0.384180790960452 0.02857142857142857 0.05649717514124294
5 0.396031746031746 0.326271186440678 0.020634920634920634 0.07627118644067797
3 0.44285714285714284 0.3361581920903955 0.025396825396825397 0.0847457627118644
5 0.2515873015873016 0.23022598870056496 0.01746031746031746 0.03672316384180791
5 0.3468253968253968 0.268361581920904 0.03015873015873016 0.03954802259887006
5 0.28174603174603174 0.3093220338983051 0.023809523809523808 0.059322033898305086
5 0.4238095238095238 0.2951977401129944 0.01904761904761905 0.06497175141242938
5 0.5619047619047619 0.2951977401129944 0.015873015873015872 0.06497175141242938
5 0.5357142857142857 0.2909604519774011 0.01746031746031746 0.062146892655367235
5 0.4801587301587302 0.3093220338983051 0.020634920634920634 0.059322033898305086
5 0.7158730158730159 0.2782485875706215 0.02857142857142857 0.05367231638418079
5 0.7373015873015873 0.3432203389830508 0.03333333333333333 0.059322033898305086
5 0.8134920634920635 0.4011299435028249 0.03968253968253968 0.062146892655367235
5 0.18492063492063493 0.5522598870056498 0.03650793650793651 0.09887005649717515
5 0.022222222222222223 0.5211864406779662 0.031746031746031744 0.07627118644067797
5 0.01746031746031746 0.4194915254237288 0.025396825396825397 0.05367231638418079
5 0.4119047619047619 0.8403954802259888 0.05873015873015873 0.1327683615819209
5 0.30238095238095236 0.9449152542372882 0.08412698412698413 0.10451977401129943
5 0.33174603174603173 0.8361581920903954 0.07936507936507936 0.11864406779661017
5 0.2777777777777778 0.8290960451977402 0.06031746031746032 0.1327683615819209