0 0.3595238095238095 0.1553672316384181 0.07777777777777778 0.0847457627118644
6 0.953968253968254 0.4449152542372881 0.08888888888888889 0.1327683615819209
4 0.8523809523809524 0.3771186440677966 0.06984126984126984 0.07627118644067797
4 0.37142857142857144 0.2231638418079096 0.06031746031746032 0.062146892655367235
4 0.3619047619047619 0.2951977401129944 0.06984126984126984 0.07062146892655367
4 0.2984126984126984 0.4562146892655367 0.11746031746031746 0.1271186440677966
4 0.23095238095238096 0.2951977401129944 0.07142857142857142 0.059322033898305086
4 0.12777777777777777 0.4081920903954802 0.0746031746031746 0.09887005649717515
4 0.1 0.5621468926553672 0.11428571428571428 0.14689265536723164
4 0.12380952380952381 0.6581920903954802 0.11746031746031746 0.1864406779661017
7 0.22698412698412698 0.3672316384180791 0.0761904761904762 0.1016949152542373
7 0.23809523809523808 0.23728813559322035 0.0761904761904762 0.0903954802259887
5 0.4515873015873016 0.5932203389830508 0.05238095238095238 0.10734463276836158
5 0.5611111111111111 0.5042372881355932 0.05873015873015873 0.08192090395480225
5 0.423015873015873 0.3742937853107345 0.03015873015873016 0.08192090395480225
5 0.30396825396825394 0.2810734463276836 0.03333333333333333 0.059322033898305086
5 0.5325396825396825 0.288135593220339 0.01746031746031746 0.062146892655367235
5 0.7150793650793651 0.5098870056497176 0.05555555555555555 0.08192090395480225