4 0.8698412698412699 0.5451977401129944 0.08253968253968254 0.096045197740113
4 0.7087301587301588 0.5353107344632768 0.09047619047619047 0.11016949152542373
4 0.5047619047619047 0.4562146892655367 0.07301587301587302 0.06497175141242938
4 0.6658730158730158 0.4562146892655367 0.07142857142857142 0.07062146892655367
4 0.430952380952381 0.4491525423728814 0.07777777777777778 0.096045197740113
0 0.47063492063492063 0.3432203389830508 0.09047619047619047 0.08757062146892655
6 0.273015873015873 0.3319209039548023 0.047619047619047616 0.06497175141242938
4 0.2611111111111111 0.4011299435028249 0.026984126984126985 0.05649717514124294
3 0.2119047619047619 0.7951977401129944 0.05238095238095238 0.11581920903954802
5 0.046031746031746035 0.75 0.0380952380952381 0.10451977401129943
5 0.07698412698412699 0.9152542372881356 0.06190476190476191 0.10734463276836158
5 0.2507936507936508 0.9491525423728814 0.06349206349206349 0.1016949152542373
5 0.3349206349206349 0.4971751412429379 0.03492063492063492 0.06779661016949153
5 0.3753968253968254 0.4759887005649718 0.026984126984126985 0.06497175141242938
5 0.44841269841269843 0.5734463276836158 0.04285714285714286 0.07909604519774012
5 0.5055555555555555 0.5621468926553672 0.03968253968253968 0.07909604519774012
5 0.5023809523809524 0.6483050847457628 0.049206349206349205 0.08757062146892655
5 0.5936507936507937 0.6271186440677966 0.047619047619047616 0.096045197740113
5 0.5873015873015873 0.5480225988700564 0.04126984126984127 0.07344632768361582
5 0.5285714285714286 0.5494350282485876 0.031746031746031744 0.07062146892655367
5 0.6039682539682539 0.4661016949152542 0.03333333333333333 0.062146892655367235
5 0.5468253968253968 0.4731638418079096 0.03333333333333333 0.05367231638418079
5 0.573015873015873 0.4279661016949153 0.031746031746031744 0.0480225988700565
5 0.46904761904761905 0.4110169491525424 0.020634920634920634 0.0423728813559322
5 0.39285714285714285 0.3912429378531073 0.020634920634920634 0.0423728813559322
5 0.36666666666666664 0.4053672316384181 0.02857142857142857 0.0480225988700565
5 0.26904761904761904 0.4929378531073446 0.020634920634920634 0.06497175141242938
5 0.4015873015873016 0.5042372881355932 0.031746031746031744 0.07627118644067797
5 0.8007936507936508 0.7161016949152542 0.05238095238095238 0.09887005649717515
5 0.7666666666666667 0.6271186440677966 0.047619047619047616 0.0903954802259887
5 0.8277777777777777 0.6822033898305084 0.05238095238095238 0.08757062146892655
5 0.8738095238095238 0.6581920903954802 0.03968253968253968 0.07909604519774012
5 0.953968253968254 0.7372881355932204 0.044444444444444446 0.0847457627118644
5 0.8420634920634921 0.4901129943502825 0.03333333333333333 0.0480225988700565