0 0.3119047619047619 0.3361581920903955 0.09047619047619047 0.06779661016949153
5 0.35 0.9463276836158192 0.05873015873015873 0.10734463276836158
5 0.4238095238095238 0.826271186440678 0.044444444444444446 0.11581920903954802
5 0.4880952380952381 0.7372881355932204 0.049206349206349205 0.11299435028248588
5 0.6515873015873016 0.692090395480226 0.05873015873015873 0.07909604519774012
5 0.7388888888888889 0.6963276836158192 0.05238095238095238 0.10451977401129943
5 0.680952380952381 0.6073446327683616 0.044444444444444446 0.07344632768361582
5 0.803968253968254 0.75 0.05238095238095238 0.09322033898305085
4 0.04206349206349207 0.6511299435028248 0.08412698412698413 0.12146892655367232
4 0.24285714285714285 0.4152542372881356 0.03492063492063492 0.05084745762711865
4 0.35793650793650794 0.3912429378531073 0.046031746031746035 0.05367231638418079
4 0.6357142857142857 0.5240112994350282 0.10634920634920635 0.11016949152542373
4 0.542063492063492 0.3672316384180791 0.05555555555555555 0.04519774011299435
4 0.792063492063492 0.672316384180791 0.12063492063492064 0.14124293785310735
6 0.4444444444444444 0.3912429378531073 0.08888888888888889 0.11016949152542373
6 0.8793650793650793 0.538135593220339 0.1111111111111111 0.1327683615819209