0 0.6841269841269841 0.422316384180791 0.1365079365079365 0.11581920903954802
5 0.046031746031746035 0.751412429378531 0.0380952380952381 0.096045197740113
5 0.4658730158730159 0.5451977401129944 0.03968253968253968 0.07344632768361582
5 0.5357142857142857 0.6031073446327684 0.046031746031746035 0.08192090395480225
5 0.3952380952380952 0.5141242937853108 0.031746031746031744 0.07344632768361582
5 0.580952380952381 0.5861581920903954 0.047619047619047616 0.08757062146892655
5 0.680952380952381 0.692090395480226 0.05714285714285714 0.07909604519774012
5 0.8150793650793651 0.7443502824858758 0.05555555555555555 0.09322033898305085
5 0.7888888888888889 0.6864406779661016 0.047619047619047616 0.0847457627118644
4 0.3595238095238095 0.403954802259887 0.05238095238095238 0.07344632768361582
4 0.5142857142857142 0.4590395480225989 0.08571428571428572 0.06497175141242938
4 0.707936507936508 0.5282485875706214 0.06984126984126984 0.0903954802259887
4 0.942063492063492 0.576271186440678 0.07777777777777778 0.07344632768361582
6 0.803968253968254 0.5889830508474576 0.1380952380952381 0.18361581920903955