0 0.3380952380952381 0.17231638418079095 0.07936507936507936 0.0903954802259887
4 0.8523809523809524 0.3813559322033898 0.06349206349206349 0.07344632768361582
4 0.38571428571428573 0.2132768361581921 0.05714285714285714 0.059322033898305086
4 0.37777777777777777 0.2824858757062147 0.06666666666666667 0.06779661016949153
4 0.1738095238095238 0.3672316384180791 0.07142857142857142 0.11864406779661017
4 0.33015873015873015 0.4392655367231638 0.12063492063492064 0.12146892655367232
4 0.14206349206349206 0.634180790960452 0.11904761904761904 0.17231638418079095
4 0.12142857142857143 0.5310734463276836 0.11587301587301588 0.14124293785310735
4 0.044444444444444446 0.5028248587570622 0.07936507936507936 0.12994350282485875
6 0.9547619047619048 0.4449152542372881 0.09047619047619047 0.1327683615819209
7 0.19444444444444445 0.2641242937853107 0.07777777777777778 0.08757062146892655
7 0.23174603174603176 0.3672316384180791 0.0761904761904762 0.1016949152542373
5 0.3404761904761905 0.826271186440678 0.05238095238095238 0.09887005649717515
5 0.5317460317460317 0.538135593220339 0.05396825396825397 0.08757062146892655
5 0.6595238095238095 0.5141242937853108 0.05873015873015873 0.0847457627118644
5 0.8198412698412698 0.5522598870056498 0.05238095238095238 0.09322033898305085
5 0.4650793650793651 0.3192090395480226 0.022222222222222223 0.07344632768361582
5 0.42142857142857143 0.2782485875706215 0.023809523809523808 0.06497175141242938
5 0.48095238095238096 0.2711864406779661 0.015873015873015872 0.062146892655367235
5 0.29285714285714287 0.2542372881355932 0.023809523809523808 0.05084745762711865
5 0.2777777777777778 0.2909604519774011 0.031746031746031744 0.05084745762711865
5 0.09761904761904762 0.7923728813559322 0.05873015873015873 0.09322033898305085
5 0.046825396825396826 0.6949152542372882 0.05555555555555555 0.0847457627118644
5 0.15793650793650793 0.7372881355932204 0.05555555555555555 0.10734463276836158
5 0.28809523809523807 0.3771186440677966 0.03968253968253968 0.07062146892655367