0 0.9325396825396826 0.5282485875706214 0.1349206349206349 0.1638418079096045
4 0.7357142857142858 0.5211864406779662 0.09047619047619047 0.08757062146892655
6 0.5388888888888889 0.4943502824858757 0.1253968253968254 0.1638418079096045
3 0.2007936507936508 0.809322033898305 0.046031746031746035 0.11581920903954802
5 0.3968253968253968 0.807909604519774 0.05396825396825397 0.11864406779661017
5 0.55 0.7062146892655368 0.05555555555555555 0.0903954802259887
5 0.5 0.6440677966101694 0.050793650793650794 0.07909604519774012
5 0.753968253968254 0.7033898305084746 0.05396825396825397 0.0847457627118644
5 0.7150793650793651 0.6073446327683616 0.05238095238095238 0.07909604519774012
5 0.5611111111111111 0.5790960451977402 0.04285714285714286 0.07909604519774012
4 0.32301587301587303 0.3742937853107345 0.03968253968253968 0.059322033898305086
4 0.3619047619047619 0.3545197740112994 0.0380952380952381 0.03672316384180791
5 0.07777777777777778 0.9152542372881356 0.06031746031746032 0.10734463276836158
5 0.4714285714285714 0.5550847457627118 0.0380952380952381 0.07627118644067797
5 0.530952380952381 0.5522598870056498 0.03650793650793651 0.07627118644067797
5 0.3904761904761905 0.5353107344632768 0.03492063492063492 0.07062146892655367
5 0.42857142857142855 0.518361581920904 0.031746031746031744 0.07627118644067797
5 0.4388888888888889 0.4590395480225989 0.03015873015873016 0.06497175141242938
5 0.3198412698412698 0.4943502824858757 0.023809523809523808 0.062146892655367235
5 0.7388888888888889 0.4449152542372881 0.03333333333333333 0.05367231638418079
5 0.14523809523809525 0.8799435028248588 0.05238095238095238 0.11016949152542373
5 0.01984126984126984 0.8121468926553672 0.03968253968253968 0.09887005649717515
5 0.05476190476190476 0.5790960451977402 0.03968253968253968 0.07344632768361582