0 0.5888888888888889 0.2951977401129944 0.17777777777777778 0.18926553672316385
6 0.37222222222222223 0.17796610169491525 0.05873015873015873 0.07909604519774012
4 0.846031746031746 0.3771186440677966 0.0761904761904762 0.07627118644067797
4 0.9611111111111111 0.4322033898305085 0.0746031746031746 0.0903954802259887
4 0.44682539682539685 0.24717514124293785 0.07777777777777778 0.07062146892655367
4 0.29365079365079366 0.3022598870056497 0.06349206349206349 0.07344632768361582
4 0.2746031746031746 0.384180790960452 0.08571428571428572 0.1016949152542373
4 0.18888888888888888 0.4293785310734463 0.09206349206349207 0.11864406779661017
4 0.15396825396825398 0.5932203389830508 0.1111111111111111 0.15819209039548024
7 0.03650793650793651 0.6242937853107344 0.07301587301587302 0.15819209039548024
5 0.6111111111111112 0.5098870056497176 0.05714285714285714 0.08192090395480225
5 0.49047619047619045 0.4435028248587571 0.03492063492063492 0.0847457627118644
5 0.5619047619047619 0.4053672316384181 0.01904761904761905 0.08757062146892655