4 0.42777777777777776 0.3940677966101695 0.11904761904761904 0.09322033898305085
4 0.40634920634920635 0.24717514124293785 0.05396825396825397 0.059322033898305086
4 0.4158730158730159 0.1850282485875706 0.047619047619047616 0.059322033898305086
7 0.2373015873015873 0.3531073446327684 0.07777777777777778 0.1016949152542373
4 0.14444444444444443 0.4901129943502825 0.10476190476190476 0.1384180790960452
4 0.173015873015873 0.576271186440678 0.11428571428571428 0.1751412429378531
4 0.04126984126984127 0.5254237288135594 0.08253968253968254 0.14689265536723164
4 0.048412698412698414 0.7612994350282486 0.09682539682539683 0.17231638418079095
0 0.2777777777777778 0.21610169491525424 0.09841269841269841 0.12146892655367232
7 0.376984126984127 0.134180790960452 0.046031746031746035 0.0480225988700565
6 0.9531746031746032 0.4533898305084746 0.09365079365079365 0.1497175141242938
5 0.3 0.9463276836158192 0.08571428571428572 0.10734463276836158
5 0.3277777777777778 0.8361581920903954 0.08412698412698413 0.12429378531073447
5 0.4103174603174603 0.8361581920903954 0.05873015873015873 0.12994350282485875
5 0.2619047619047619 0.5819209039548022 0.05396825396825397 0.096045197740113
5 0.2119047619047619 0.655367231638418 0.05238095238095238 0.1016949152542373
5 0.16507936507936508 0.6694915254237288 0.050793650793650794 0.1016949152542373
5 0.24682539682539684 0.4251412429378531 0.03333333333333333 0.07627118644067797
5 0.2920634920634921 0.4293785310734463 0.02857142857142857 0.0847457627118644
5 0.3396825396825397 0.4604519774011299 0.02857142857142857 0.096045197740113
5 0.2968253968253968 0.5211864406779662 0.0380952380952381 0.09887005649717515
5 0.21984126984126984 0.25 0.01746031746031746 0.0423728813559322
5 0.40793650793650793 0.2838983050847458 0.025396825396825397 0.05367231638418079
5 0.7404761904761905 0.5310734463276836 0.05238095238095238 0.07344632768361582
5 0.8674603174603175 0.6129943502824858 0.049206349206349205 0.096045197740113
4 0.8492063492063492 0.3813559322033898 0.06349206349206349 0.07344632768361582
5 0.4650793650793651 0.2033898305084746 0.012698412698412698 0.05084745762711865
5 0.503968253968254 0.2330508474576271 0.011111111111111112 0.059322033898305086
5 0.16984126984126985 0.3672316384180791 0.025396825396825397 0.062146892655367235
7 0.07698412698412699 0.3629943502824859 0.07777777777777778 0.11016949152542373
4 0.430952380952381 0.11581920903954802 0.03333333333333333 0.03389830508474576
5 0.8714285714285714 0.4463276836158192 0.0380952380952381 0.06779661016949153
5 0.7365079365079366 0.346045197740113 0.03492063492063492 0.059322033898305086
5 0.7174603174603175 0.2782485875706215 0.025396825396825397 0.05367231638418079