0 0.6952380952380952 0.3601694915254237 0.19682539682539682 0.2344632768361582
4 0.8484126984126984 0.3771186440677966 0.06825396825396825 0.08192090395480225
4 0.9611111111111111 0.4350282485875706 0.0746031746031746 0.096045197740113
4 0.5198412698412699 0.2810734463276836 0.0873015873015873 0.08192090395480225
4 0.4380952380952381 0.14124293785310735 0.03492063492063492 0.04519774011299435
4 0.38095238095238093 0.16101694915254236 0.0380952380952381 0.03954802259887006
4 0.23174603174603176 0.3728813559322034 0.0761904761904762 0.1016949152542373
4 0.28888888888888886 0.3672316384180791 0.0761904761904762 0.096045197740113
7 0.07777777777777778 0.5692090395480226 0.09523809523809523 0.16101694915254236
4 0.19285714285714287 0.5621468926553672 0.10952380952380952 0.1638418079096045
6 0.3198412698412698 0.21610169491525424 0.06825396825396825 0.09887005649717515
4 0.3261904761904762 0.268361581920904 0.05555555555555555 0.05649717514124294
7 0.423015873015873 0.1271186440677966 0.03968253968253968 0.05084745762711865
5 0.4111111111111111 0.8403954802259888 0.05714285714285714 0.1327683615819209
5 0.33095238095238094 0.8403954802259888 0.07777777777777778 0.1327683615819209
5 0.35634920634920636 0.6751412429378532 0.05238095238095238 0.11299435028248588
5 0.07698412698412699 0.7980225988700564 0.05555555555555555 0.08192090395480225
5 0.14603174603174604 0.7231638418079096 0.047619047619047616 0.11299435028248588
5 0.176984126984127 0.7231638418079096 0.049206349206349205 0.0903954802259887
5 0.10952380952380952 0.3644067796610169 0.022222222222222223 0.05084745762711865
5 0.07142857142857142 0.442090395480226 0.031746031746031744 0.06497175141242938
5 0.2984126984126984 0.422316384180791 0.031746031746031744 0.059322033898305086
5 0.5079365079365079 0.4152542372881356 0.02857142857142857 0.0903954802259887
5 0.4888888888888889 0.4011299435028249 0.022222222222222223 0.096045197740113
5 0.3404761904761905 0.4491525423728814 0.03333333333333333 0.0903954802259887
5 0.5619047619047619 0.3672316384180791 0.015873015873015872 0.07909604519774012
5 0.530952380952381 0.365819209039548 0.020634920634920634 0.08192090395480225
5 0.4888888888888889 0.3050847457627119 0.015873015873015872 0.062146892655367235
5 0.5158730158730159 0.3290960451977401 0.01904761904761905 0.07627118644067797
5 0.41904761904761906 0.4011299435028249 0.02857142857142857 0.096045197740113
5 0.4579365079365079 0.2782485875706215 0.014285714285714285 0.059322033898305086
5 0.44682539682539685 0.4152542372881356 0.03650793650793651 0.0903954802259887
5 0.4888888888888889 0.2231638418079096 0.02857142857142857 0.05084745762711865
5 0.4007936507936508 0.2231638418079096 0.020634920634920634 0.05084745762711865
5 0.753968253968254 0.5621468926553672 0.05396825396825397 0.0903954802259887
5 0.8587301587301587 0.4251412429378531 0.0380952380952381 0.059322033898305086
5 0.8174603174603174 0.3983050847457627 0.03492063492063492 0.05649717514124294
5 0.20396825396825397 0.6299435028248588 0.046031746031746035 0.11299435028248588
5 0.28888888888888886 0.5480225988700564 0.047619047619047616 0.0903954802259887
5 0.24841269841269842 0.9689265536723164 0.07142857142857142 0.05649717514124294