0 0.669047619047619 0.3333333333333333 0.18571428571428572 0.23728813559322035
4 0.5047619047619047 0.2740112994350282 0.08253968253968254 0.07344632768361582
4 0.8468253968253968 0.3771186440677966 0.07142857142857142 0.07627118644067797
4 0.9611111111111111 0.4350282485875706 0.0746031746031746 0.0903954802259887
4 0.22301587301587303 0.3870056497175141 0.07777777777777778 0.10734463276836158
4 0.2865079365079365 0.3700564971751412 0.08095238095238096 0.1016949152542373
4 0.31825396825396823 0.2768361581920904 0.05873015873015873 0.06779661016949153
6 0.33015873015873015 0.2062146892655367 0.06666666666666667 0.0847457627118644
4 0.38492063492063494 0.15819209039548024 0.03650793650793651 0.04519774011299435
6 0.44206349206349205 0.14124293785310735 0.03333333333333333 0.04519774011299435
7 0.4238095238095238 0.1271186440677966 0.04126984126984127 0.05084745762711865
7 0.06507936507936508 0.5720338983050848 0.09523809523809523 0.16101694915254236
4 0.18492063492063493 0.5649717514124294 0.11904761904761904 0.15819209039548024
5 0.3277777777777778 0.8502824858757062 0.0746031746031746 0.12429378531073447
5 0.4119047619047619 0.8432203389830508 0.05555555555555555 0.1327683615819209
5 0.3198412698412698 0.7344632768361582 0.05873015873015873 0.11299435028248588
5 0.2714285714285714 0.5635593220338984 0.05396825396825397 0.09887005649717515
5 0.33095238095238094 0.4661016949152542 0.03650793650793651 0.0903954802259887
5 0.28174603174603174 0.4872881355932203 0.03968253968253968 0.09322033898305085
5 0.10793650793650794 0.6271186440677966 0.031746031746031744 0.10734463276836158
5 0.06587301587301587 0.8361581920903954 0.05555555555555555 0.1016949152542373
5 0.07936507936507936 0.9110169491525424 0.06031746031746032 0.11016949152542373
5 0.1634920634920635 0.7612994350282486 0.050793650793650794 0.09887005649717515
3 0.18888888888888888 0.653954802259887 0.047619047619047616 0.11581920903954802
5 0.12698412698412698 0.3432203389830508 0.025396825396825397 0.05367231638418079
5 0.08888888888888889 0.422316384180791 0.025396825396825397 0.07062146892655367
5 0.4357142857142857 0.4293785310734463 0.03968253968253968 0.0847457627118644
5 0.503968253968254 0.4251412429378531 0.03015873015873016 0.08757062146892655
5 0.48095238095238096 0.4110169491525424 0.022222222222222223 0.09322033898305085
5 0.5619047619047619 0.3728813559322034 0.01904761904761905 0.0847457627118644
5 0.5293650793650794 0.3728813559322034 0.023809523809523808 0.0847457627118644
5 0.5119047619047619 0.3403954802259887 0.01746031746031746 0.07062146892655367
5 0.35793650793650794 0.4081920903954802 0.03650793650793651 0.07627118644067797
5 0.28888888888888886 0.4322033898305085 0.031746031746031744 0.06779661016949153
5 0.4119047619047619 0.4081920903954802 0.03968253968253968 0.09322033898305085
5 0.6484126984126984 0.403954802259887 0.04285714285714286 0.07344632768361582
5 0.8611111111111112 0.4265536723163842 0.03968253968253968 0.06779661016949153
5 0.8150793650793651 0.4011299435028249 0.03650793650793651 0.06779661016949153
5 0.723015873015873 0.5480225988700564 0.05873015873015873 0.0903954802259887