4 0.4777777777777778 0.3912429378531073 0.12063492063492064 0.09322033898305085
4 0.85 0.3813559322033898 0.06825396825396825 0.07909604519774012
6 0.9515873015873015 0.4590395480225989 0.09682539682539683 0.16666666666666666
7 0.03650793650793651 0.3983050847457627 0.07301587301587302 0.12429378531073447
4 0.05873015873015873 0.7711864406779662 0.11746031746031746 0.21468926553672316
4 0.15158730158730158 0.4901129943502825 0.10634920634920635 0.1384180790960452
4 0.19126984126984126 0.5663841807909604 0.11587301587301588 0.16101694915254236
0 0.24841269841269842 0.2401129943502825 0.10634920634920635 0.14124293785310735
7 0.24603174603174602 0.3432203389830508 0.0761904761904762 0.10451977401129943
4 0.41904761904761906 0.2330508474576271 0.05396825396825397 0.059322033898305086
4 0.43174603174603177 0.1751412429378531 0.044444444444444446 0.05084745762711865
5 0.930952380952381 0.6581920903954802 0.049206349206349205 0.0903954802259887
5 0.8214285714285714 0.5621468926553672 0.05238095238095238 0.0903954802259887
5 0.08174603174603175 0.788135593220339 0.06507936507936508 0.0903954802259887
5 0.176984126984127 0.7401129943502824 0.05555555555555555 0.10734463276836158
5 0.1357142857142857 0.7161016949152542 0.03968253968253968 0.11016949152542373
5 0.3 0.9449152542372882 0.08571428571428572 0.10451977401129943
5 0.3277777777777778 0.8361581920903954 0.07777777777777778 0.11864406779661017
5 0.4103174603174603 0.8361581920903954 0.05873015873015873 0.12429378531073447
5 0.19523809523809524 0.6242937853107344 0.044444444444444446 0.10734463276836158
5 0.28888888888888886 0.5522598870056498 0.04126984126984127 0.11016949152542373
5 0.2611111111111111 0.538135593220339 0.03015873015873016 0.09887005649717515
5 0.3373015873015873 0.4844632768361582 0.03968253968253968 0.09887005649717515
5 0.3619047619047619 0.4152542372881356 0.025396825396825397 0.0903954802259887
5 0.30158730158730157 0.3573446327683616 0.025396825396825397 0.07627118644067797
5 0.326984126984127 0.3742937853107345 0.02857142857142857 0.08192090395480225
5 0.3388888888888889 0.4081920903954802 0.026984126984126985 0.08757062146892655
5 0.44365079365079363 0.2514124293785311 0.020634920634920634 0.05649717514124294
5 0.5095238095238095 0.2175141242937853 0.012698412698412698 0.05084745762711865
5 0.476984126984127 0.17796610169491525 0.011111111111111112 0.04519774011299435
5 0.7357142857142858 0.346045197740113 0.03650793650793651 0.059322033898305086
5 0.7150793650793651 0.2782485875706215 0.03015873015873016 0.059322033898305086
5 0.8539682539682539 0.4251412429378531 0.03492063492063492 0.0480225988700565
5 0.8738095238095238 0.4463276836158192 0.03968253968253968 0.06779661016949153
5 0.8119047619047619 0.403954802259887 0.03650793650793651 0.06779661016949153
5 0.9341269841269841 0.4901129943502825 0.03968253968253968 0.07627118644067797
5 0.13095238095238096 0.4067796610169492 0.03333333333333333 0.06779661016949153
7 0.35714285714285715 0.1370056497175141 0.047619047619047616 0.0423728813559322