4 0.5238095238095238 0.3912429378531073 0.11746031746031746 0.09322033898305085
6 0.953968253968254 0.4590395480225989 0.09206349206349207 0.1553672316384181
4 0.06349206349206349 0.7641242937853108 0.12698412698412698 0.2288135593220339
0 0.22063492063492063 0.2641242937853107 0.11746031746031746 0.16101694915254236
4 0.15 0.4901129943502825 0.1 0.1497175141242938
4 0.20396825396825397 0.5522598870056498 0.11587301587301588 0.16666666666666666
7 0.25793650793650796 0.3319209039548023 0.07142857142857142 0.09887005649717515
4 0.4301587301587302 0.2231638418079096 0.047619047619047616 0.05649717514124294
4 0.44206349206349205 0.1638418079096045 0.04285714285714286 0.05084745762711865
4 0.8507936507936508 0.3799435028248588 0.06666666666666667 0.08192090395480225
5 0.8873015873015873 0.597457627118644 0.050793650793650794 0.08192090395480225
5 0.21904761904761905 0.9463276836158192 0.05714285714285714 0.10734463276836158
5 0.3007936507936508 0.9463276836158192 0.08412698412698413 0.10734463276836158
5 0.3341269841269841 0.8333333333333334 0.0746031746031746 0.11864406779661017
5 0.4087301587301587 0.8361581920903954 0.05873015873015873 0.13559322033898305
5 0.37063492063492065 0.4392655367231638 0.03968253968253968 0.09322033898305085
5 0.19285714285714287 0.7161016949152542 0.05238095238095238 0.11581920903954802
5 0.15079365079365079 0.7372881355932204 0.044444444444444446 0.10734463276836158
5 0.15873015873015872 0.6652542372881356 0.04126984126984127 0.07627118644067797
5 0.25793650793650796 0.576271186440678 0.03968253968253968 0.10734463276836158
5 0.06587301587301587 0.4562146892655367 0.026984126984126985 0.06497175141242938
5 0.09206349206349207 0.4491525423728814 0.031746031746031744 0.062146892655367235
5 0.16746031746031745 0.3870056497175141 0.03015873015873016 0.07344632768361582
5 0.14285714285714285 0.3799435028248588 0.02857142857142857 0.07062146892655367
5 0.3404761904761905 0.3135593220338983 0.023809523809523808 0.06779661016949153
5 0.3619047619047619 0.3333333333333333 0.02857142857142857 0.07344632768361582
5 0.38571428571428573 0.3771186440677966 0.02857142857142857 0.07627118644067797
5 0.4626984126984127 0.2231638418079096 0.01746031746031746 0.05084745762711865
5 0.8738095238095238 0.442090395480226 0.03650793650793651 0.07062146892655367
5 0.8547619047619047 0.422316384180791 0.03650793650793651 0.059322033898305086
5 0.7373015873015873 0.3432203389830508 0.03968253968253968 0.06497175141242938
5 0.7158730158730159 0.2740112994350282 0.02857142857142857 0.05084745762711865