0 0.346031746031746 0.1652542372881356 0.0761904761904762 0.09322033898305085
4 0.31587301587301586 0.4449152542372881 0.11746031746031746 0.1271186440677966
4 0.1349206349206349 0.6412429378531074 0.11746031746031746 0.1751412429378531
4 0.11587301587301588 0.538135593220339 0.10476190476190476 0.1384180790960452
4 0.07777777777777778 0.4632768361581921 0.07936507936507936 0.11864406779661017
7 0.22777777777777777 0.3629943502824859 0.07142857142857142 0.10451977401129943
4 0.19682539682539682 0.346045197740113 0.07301587301587302 0.11016949152542373
7 0.21349206349206348 0.2570621468926554 0.07777777777777778 0.0903954802259887
4 0.38095238095238093 0.22033898305084745 0.06031746031746032 0.05649717514124294
4 0.37142857142857144 0.288135593220339 0.06984126984126984 0.07344632768361582
4 0.8507936507936508 0.3813559322033898 0.06666666666666667 0.07344632768361582
6 0.953968253968254 0.4463276836158192 0.09206349206349207 0.13559322033898305
5 0.4507936507936508 0.3361581920903955 0.025396825396825397 0.07344632768361582
5 0.5 0.556497175141243 0.05396825396825397 0.1016949152542373
5 0.7777777777777778 0.5353107344632768 0.05396825396825397 0.09322033898305085
5 0.5611111111111111 0.2711864406779661 0.01746031746031746 0.062146892655367235
5 0.542063492063492 0.2711864406779661 0.01746031746031746 0.05649717514124294
5 0.4738095238095238 0.2838983050847458 0.01746031746031746 0.06497175141242938
5 0.403968253968254 0.2951977401129944 0.026984126984126985 0.06497175141242938
5 0.28809523809523807 0.288135593220339 0.03333333333333333 0.05649717514124294
5 0.26746031746031745 0.384180790960452 0.03333333333333333 0.05649717514124294