0 0.128125 0.5768115942028985 0.1515625 0.3188405797101449
4 0.309375 0.5557971014492754 0.084375 0.1956521739130435
4 0.526171875 0.532608695652174 0.07734375 0.14057971014492754
4 0.557421875 0.3239130434782609 0.05703125 0.09420289855072464
5 0.907421875 0.6971014492753623 0.05546875 0.16231884057971013
5 0.909375 0.5181159420289855 0.0484375 0.1144927536231884
5 0.703125 0.48695652173913045 0.034375 0.11014492753623188
5 0.808203125 0.5268115942028986 0.03515625 0.11159420289855072
5 0.785546875 0.4449275362318841 0.02890625 0.09855072463768116
5 0.6953125 0.3572463768115942 0.021875 0.07971014492753623
5 0.6703125 0.31231884057971016 0.021875 0.06811594202898551