4 0.2785714285714286 0.501412429378531 0.09682539682539683 0.08757062146892655
5 0.39285714285714285 0.8559322033898306 0.046031746031746035 0.13559322033898305
5 0.5023809523809524 0.7161016949152542 0.049206349206349205 0.09887005649717515
4 0.5888888888888889 0.5042372881355932 0.1111111111111111 0.09887005649717515
4 0.4928571428571429 0.3813559322033898 0.049206349206349205 0.05084745762711865
6 0.3888888888888889 0.3672316384180791 0.0761904761904762 0.096045197740113
4 0.32142857142857145 0.3771186440677966 0.04285714285714286 0.0480225988700565
4 0.25396825396825395 0.4011299435028249 0.025396825396825397 0.04519774011299435
4 0.14682539682539683 0.5112994350282486 0.06190476190476191 0.0847457627118644
0 0.2753968253968254 0.326271186440678 0.07142857142857142 0.059322033898305086
0 0.22301587301587303 0.3545197740112994 0.049206349206349205 0.08192090395480225
3 0.20396825396825397 0.8050847457627118 0.05555555555555555 0.11299435028248588
5 0.04126984126984127 0.7994350282485876 0.050793650793650794 0.1016949152542373
5 0.04126984126984127 0.7443502824858758 0.050793650793650794 0.07062146892655367
5 0.04206349206349207 0.6412429378531074 0.03968253968253968 0.07344632768361582
5 0.07857142857142857 0.5790960451977402 0.03333333333333333 0.07344632768361582
5 0.07698412698412699 0.9152542372881356 0.05873015873015873 0.10734463276836158
5 0.14523809523809525 0.8799435028248588 0.05873015873015873 0.11016949152542373
5 0.25555555555555554 0.943502824858757 0.06349206349206349 0.11299435028248588
5 0.31587301587301586 0.8813559322033898 0.047619047619047616 0.11864406779661017
4 0.7174603174603175 0.6045197740112994 0.06349206349206349 0.14689265536723164
4 0.7150793650793651 0.4350282485875706 0.07142857142857142 0.05649717514124294
5 0.6738095238095239 0.5042372881355932 0.03968253968253968 0.059322033898305086
5 0.6357142857142857 0.480225988700565 0.03333333333333333 0.05649717514124294
5 0.7674603174603175 0.576271186440678 0.03968253968253968 0.07909604519774012
5 0.7658730158730159 0.5353107344632768 0.03650793650793651 0.059322033898305086
5 0.85 0.4971751412429379 0.03015873015873016 0.05649717514124294
5 0.8015873015873016 0.6991525423728814 0.050793650793650794 0.08757062146892655
5 0.7880952380952381 0.730225988700565 0.05555555555555555 0.08757062146892655
5 0.8388888888888889 0.768361581920904 0.05555555555555555 0.0903954802259887
5 0.888095238095238 0.7330508474576272 0.046031746031746035 0.08757062146892655
5 0.9198412698412698 0.7853107344632768 0.049206349206349205 0.0903954802259887
5 0.903968253968254 0.5932203389830508 0.03333333333333333 0.062146892655367235
5 0.4 0.4562146892655367 0.025396825396825397 0.07627118644067797
5 0.4865079365079365 0.4901129943502825 0.026984126984126985 0.06497175141242938
5 0.4603174603174603 0.4491525423728814 0.022222222222222223 0.06779661016949153
5 0.503968253968254 0.4392655367231638 0.03015873015873016 0.059322033898305086
5 0.5333333333333333 0.4562146892655367 0.031746031746031744 0.059322033898305086
5 0.5515873015873016 0.3870056497175141 0.023809523809523808 0.04519774011299435
5 0.3007936507936508 0.442090395480226 0.026984126984126985 0.0423728813559322
5 0.26746031746031745 0.4463276836158192 0.01746031746031746 0.04519774011299435
5 0.30396825396825394 0.3983050847457627 0.01746031746031746 0.03954802259887006