4 0.44206349206349205 0.3940677966101695 0.11587301587301588 0.09322033898305085
4 0.4119047619047619 0.24293785310734464 0.05555555555555555 0.06779661016949153
0 0.2698412698412698 0.2231638418079096 0.10158730158730159 0.12994350282485875
7 0.23809523809523808 0.3531073446327684 0.07936507936507936 0.10734463276836158
4 0.14603174603174604 0.4943502824858757 0.10793650793650794 0.14689265536723164
4 0.03253968253968254 0.5338983050847458 0.06507936507936508 0.13559322033898305
4 0.05396825396825397 0.7853107344632768 0.10793650793650794 0.21468926553672316
5 0.2984126984126984 0.9449152542372882 0.08888888888888889 0.10451977401129943
5 0.32936507936507936 0.8361581920903954 0.07777777777777778 0.11864406779661017
5 0.4103174603174603 0.8389830508474576 0.06190476190476191 0.12994350282485875
5 0.21825396825396826 0.6511299435028248 0.05873015873015873 0.10451977401129943
5 0.173015873015873 0.6581920903954802 0.047619047619047616 0.1016949152542373
5 0.2698412698412698 0.5833333333333334 0.050793650793650794 0.10451977401129943
5 0.30714285714285716 0.5141242937853108 0.03968253968253968 0.1016949152542373
5 0.3484126984126984 0.4491525423728814 0.03015873015873016 0.0903954802259887
5 0.2619047619047619 0.403954802259887 0.03492063492063492 0.07344632768361582
5 0.41984126984126985 0.2740112994350282 0.023809523809523808 0.05649717514124294
5 0.5047619047619047 0.23022598870056496 0.012698412698412698 0.059322033898305086
7 0.36984126984126986 0.134180790960452 0.047619047619047616 0.0423728813559322
6 0.9531746031746032 0.4562146892655367 0.09365079365079365 0.16101694915254236
4 0.8507936507936508 0.3813559322033898 0.06666666666666667 0.07909604519774012
5 0.8857142857142857 0.6271186440677966 0.050793650793650794 0.0903954802259887
5 0.7619047619047619 0.538135593220339 0.05396825396825397 0.08192090395480225
5 0.7658730158730159 0.3714689265536723 0.03650793650793651 0.06497175141242938
5 0.8119047619047619 0.4011299435028249 0.03650793650793651 0.06779661016949153
5 0.7150793650793651 0.2782485875706215 0.03015873015873016 0.05367231638418079
5 0.7373015873015873 0.3474576271186441 0.03968253968253968 0.06779661016949153
4 0.17936507936507937 0.5748587570621468 0.1111111111111111 0.16666666666666666