4 0.3134920634920635 0.2909604519774011 0.07777777777777778 0.0847457627118644
4 0.3468253968253968 0.4138418079096045 0.1126984126984127 0.11581920903954802
7 0.3888888888888889 0.2019774011299435 0.047619047619047616 0.06497175141242938
7 0.12301587301587301 0.4731638418079096 0.1349206349206349 0.17796610169491525
7 0.07142857142857142 0.6370056497175142 0.11428571428571428 0.2062146892655367
4 0.16587301587301587 0.614406779661017 0.1253968253968254 0.20056497175141244
4 0.8484126984126984 0.3771186440677966 0.06825396825396825 0.07627118644067797
6 0.9515873015873015 0.4491525423728814 0.09682539682539683 0.14689265536723164
4 0.5023809523809524 0.1553672316384181 0.03333333333333333 0.03954802259887006
5 0.027777777777777776 0.8559322033898306 0.05555555555555555 0.11864406779661017
5 0.08333333333333333 0.788135593220339 0.05873015873015873 0.10734463276836158
5 0.09444444444444444 0.8559322033898306 0.06190476190476191 0.11864406779661017
5 0.19603174603174603 0.6991525423728814 0.046031746031746035 0.11016949152542373
5 0.1619047619047619 0.7019774011299436 0.0380952380952381 0.10451977401129943
3 0.20396825396825397 0.6031073446327684 0.04285714285714286 0.09887005649717515
5 0.3 0.943502824858757 0.08571428571428572 0.11299435028248588
5 0.4111111111111111 0.8319209039548022 0.05714285714285714 0.1327683615819209
5 0.32936507936507936 0.8290960451977402 0.07777777777777778 0.11581920903954802
5 0.423015873015873 0.5918079096045198 0.049206349206349205 0.11581920903954802
5 0.49206349206349204 0.5211864406779662 0.05396825396825397 0.09322033898305085
5 0.7388888888888889 0.3432203389830508 0.03650793650793651 0.06497175141242938
5 0.7174603174603175 0.2711864406779661 0.031746031746031744 0.05084745762711865
5 0.43174603174603177 0.3192090395480226 0.022222222222222223 0.07344632768361582
5 0.46111111111111114 0.326271186440678 0.023809523809523808 0.07627118644067797
5 0.48095238095238096 0.23022598870056496 0.015873015873015872 0.059322033898305086
5 0.2968253968253968 0.4971751412429379 0.031746031746031744 0.1016949152542373
5 0.6928571428571428 0.4943502824858757 0.05238095238095238 0.07344632768361582