6 0.37142857142857144 0.3644067796610169 0.07301587301587302 0.0847457627118644
4 0.3 0.3700564971751412 0.03492063492063492 0.03954802259887006
4 0.353968253968254 0.4703389830508475 0.08571428571428572 0.07062146892655367
4 0.4658730158730159 0.3785310734463277 0.05873015873015873 0.05084745762711865
4 0.557936507936508 0.4081920903954802 0.05555555555555555 0.059322033898305086
4 0.5769841269841269 0.5070621468926554 0.10317460317460317 0.10451977401129943
4 0.7087301587301588 0.5861581920903954 0.05555555555555555 0.1384180790960452
4 0.20238095238095238 0.4632768361581921 0.03968253968253968 0.05649717514124294
3 0.20634920634920634 0.8022598870056498 0.044444444444444446 0.10734463276836158
5 0.046031746031746035 0.7542372881355932 0.0380952380952381 0.096045197740113
5 0.21984126984126984 0.5310734463276836 0.03968253968253968 0.06779661016949153
5 0.44682539682539685 0.5692090395480226 0.04285714285714286 0.08192090395480225
5 0.48174603174603176 0.5550847457627118 0.03968253968253968 0.07627118644067797
5 0.5619047619047619 0.6991525423728814 0.05396825396825397 0.08757062146892655
5 0.5928571428571429 0.6412429378531074 0.046031746031746035 0.0847457627118644
5 0.6968253968253968 0.7090395480225988 0.05714285714285714 0.0903954802259887
5 0.580952380952381 0.5522598870056498 0.044444444444444446 0.07627118644067797
5 0.7817460317460317 0.730225988700565 0.05873015873015873 0.09887005649717515
5 0.8198412698412698 0.6949152542372882 0.049206349206349205 0.0847457627118644
5 0.7777777777777778 0.5790960451977402 0.0380952380952381 0.07909604519774012
5 0.8801587301587301 0.5861581920903954 0.03650793650793651 0.06497175141242938
5 0.7579365079365079 0.5310734463276836 0.03333333333333333 0.05649717514124294