5 0.56640625 0.3210144927536232 0.0296875 0.11739130434782609
4 0.20625 0.6630434782608695 0.10625 0.21304347826086956
7 0.323046875 0.45507246376811594 0.07109375 0.1826086956521739
5 0.103125 0.644927536231884 0.0390625 0.14492753623188406
5 0.147265625 0.55 0.03203125 0.10579710144927536
5 0.115234375 0.4905797101449275 0.03046875 0.08840579710144927
4 0.7703125 0.4311594202898551 0.0765625 0.11159420289855072
5 0.7921875 0.5971014492753624 0.040625 0.1391304347826087
5 0.728125 0.5449275362318841 0.0390625 0.12753623188405797
5 0.6671875 0.44130434782608696 0.028125 0.10289855072463767
5 0.60703125 0.4152173913043478 0.025 0.09130434782608696
5 0.226171875 0.39855072463768115 0.02109375 0.0782608695652174
5 0.194921875 0.5318840579710145 0.02578125 0.10144927536231885