0 0.44841269841269843 0.3333333333333333 0.08412698412698413 0.07344632768361582
5 0.3515873015873016 0.882768361581921 0.05238095238095238 0.11581920903954802
5 0.046825396825396826 0.75 0.03650793650793651 0.09322033898305085
5 0.4142857142857143 0.6285310734463276 0.044444444444444446 0.08192090395480225
5 0.503968253968254 0.596045197740113 0.046031746031746035 0.0847457627118644
5 0.546031746031746 0.5819209039548022 0.04126984126984127 0.07909604519774012
5 0.780952380952381 0.672316384180791 0.050793650793650794 0.0847457627118644
4 0.4444444444444444 0.4562146892655367 0.0761904761904762 0.08757062146892655
4 0.5007936507936508 0.4562146892655367 0.06825396825396825 0.06497175141242938
4 0.6277777777777778 0.442090395480226 0.07777777777777778 0.07062146892655367
4 0.707936507936508 0.538135593220339 0.08571428571428572 0.09887005649717515
4 0.8269841269841269 0.5240112994350282 0.08571428571428572 0.08192090395480225
4 0.976984126984127 0.5861581920903954 0.04285714285714286 0.059322033898305086