0 0.097265625 0.6557971014492754 0.16015625 0.3347826086956522
4 0.29921875 0.6202898550724638 0.0890625 0.20579710144927535
4 0.519140625 0.4797101449275362 0.07265625 0.13043478260869565
4 0.54921875 0.30289855072463767 0.0546875 0.08985507246376812
5 0.883203125 0.49492753623188407 0.04921875 0.1144927536231884
5 0.684375 0.45507246376811594 0.034375 0.11014492753623188
5 0.786328125 0.4920289855072464 0.03515625 0.11159420289855072
5 0.7671875 0.4282608695652174 0.03125 0.10289855072463767
5 0.68203125 0.3442028985507246 0.021875 0.07971014492753623
5 0.662109375 0.29927536231884055 0.02265625 0.07101449275362319
5 0.950390625 0.7811594202898551 0.06171875 0.19130434782608696
5 0.86015625 0.6318840579710145 0.0453125 0.14492753623188406