4 0.6658730158730158 0.4152542372881356 0.11587301587301588 0.10734463276836158
6 0.9531746031746032 0.4590395480225989 0.09365079365079365 0.17231638418079095
4 0.8507936507936508 0.3742937853107345 0.06666666666666667 0.07627118644067797
0 0.14682539682539683 0.3333333333333333 0.13174603174603175 0.1864406779661017
4 0.18095238095238095 0.4562146892655367 0.10158730158730159 0.1384180790960452
4 0.24206349206349206 0.5028248587570622 0.10634920634920635 0.14689265536723164
6 0.04365079365079365 0.617231638418079 0.0873015873015873 0.17231638418079095
4 0.09206349206349207 0.7161016949152542 0.13333333333333333 0.2288135593220339
7 0.3 0.2923728813559322 0.06666666666666667 0.09322033898305085
4 0.45634920634920634 0.19915254237288135 0.046031746031746035 0.05367231638418079
4 0.473015873015873 0.14124293785310735 0.03492063492063492 0.04519774011299435
5 0.719047619047619 0.2754237288135593 0.02857142857142857 0.05367231638418079
5 0.7373015873015873 0.3432203389830508 0.03333333333333333 0.06497175141242938
5 0.8174603174603174 0.4011299435028249 0.03492063492063492 0.062146892655367235
5 0.8539682539682539 0.4138418079096045 0.0380952380952381 0.05367231638418079
5 0.8738095238095238 0.4378531073446328 0.03968253968253968 0.06779661016949153
5 0.1007936507936508 0.4449152542372881 0.03333333333333333 0.08757062146892655
5 0.02142857142857143 0.501412429378531 0.03333333333333333 0.07062146892655367
5 0.05634920634920635 0.867231638418079 0.06190476190476191 0.10734463276836158
5 0.2126984126984127 0.634180790960452 0.044444444444444446 0.09887005649717515
5 0.27380952380952384 0.5790960451977402 0.04285714285714286 0.1016949152542373
5 0.3626984126984127 0.6822033898305084 0.05555555555555555 0.12146892655367232
5 0.30317460317460315 0.9449152542372882 0.08253968253968254 0.10451977401129943
5 0.4119047619047619 0.8361581920903954 0.05873015873015873 0.13559322033898305
5 0.33095238095238094 0.8361581920903954 0.0746031746031746 0.11299435028248588
5 0.36507936507936506 0.4081920903954802 0.031746031746031744 0.08757062146892655
5 0.3984126984126984 0.3432203389830508 0.022222222222222223 0.07627118644067797
5 0.41984126984126985 0.3672316384180791 0.026984126984126985 0.0847457627118644
5 0.473015873015873 0.3050847457627119 0.025396825396825397 0.07344632768361582
5 0.42936507936507934 0.2782485875706215 0.01746031746031746 0.06497175141242938
5 0.4507936507936508 0.288135593220339 0.01904761904761905 0.07344632768361582