4 0.5888888888888889 0.3163841807909605 0.08888888888888889 0.096045197740113
6 0.2507936507936508 0.2782485875706215 0.08253968253968254 0.1271186440677966
4 0.2650793650793651 0.3333333333333333 0.07301587301587302 0.0847457627118644
4 0.3007936507936508 0.3531073446327684 0.07777777777777778 0.0903954802259887
4 0.11746031746031746 0.5042372881355932 0.09206349206349207 0.1384180790960452
4 0.21428571428571427 0.5353107344632768 0.11428571428571428 0.16101694915254236
4 0.35793650793650794 0.17937853107344634 0.04285714285714286 0.0480225988700565
4 0.3611111111111111 0.2330508474576271 0.05238095238095238 0.059322033898305086
4 0.423015873015873 0.15112994350282485 0.03968253968253968 0.05367231638418079
7 0.4023809523809524 0.1384180790960452 0.046031746031746035 0.05649717514124294
0 0.8103174603174603 0.4152542372881356 0.19523809523809524 0.2655367231638418
4 0.9619047619047619 0.4279661016949153 0.07301587301587302 0.08757062146892655
5 0.7523809523809524 0.4661016949152542 0.044444444444444446 0.0903954802259887
5 0.4888888888888889 0.4929378531073446 0.04126984126984127 0.09887005649717515
5 0.2912698412698413 0.9562146892655368 0.09047619047619047 0.08757062146892655
5 0.3357142857142857 0.8432203389830508 0.0746031746031746 0.1384180790960452
5 0.41349206349206347 0.8361581920903954 0.05873015873015873 0.13559322033898305
5 0.17936507936507937 0.6991525423728814 0.05396825396825397 0.11581920903954802
5 0.06984126984126984 0.8121468926553672 0.06984126984126984 0.07627118644067797
5 0.29444444444444445 0.5508474576271186 0.046031746031746035 0.1016949152542373
5 0.38095238095238093 0.4053672316384181 0.03492063492063492 0.08757062146892655
5 0.353968253968254 0.4689265536723164 0.0380952380952381 0.096045197740113
5 0.20873015873015874 0.6101694915254238 0.03650793650793651 0.1016949152542373
5 0.5277777777777778 0.384180790960452 0.023809523809523808 0.07909604519774012
5 0.5087301587301587 0.3672316384180791 0.023809523809523808 0.07909604519774012
5 0.4738095238095238 0.3672316384180791 0.023809523809523808 0.07909604519774012
5 0.44682539682539685 0.3573446327683616 0.023809523809523808 0.09322033898305085
5 0.4238095238095238 0.346045197740113 0.022222222222222223 0.07627118644067797
5 0.5611111111111111 0.3432203389830508 0.01746031746031746 0.07627118644067797
5 0.35873015873015873 0.3432203389830508 0.025396825396825397 0.07062146892655367
5 0.7198412698412698 0.2711864406779661 0.03650793650793651 0.05649717514124294
5 0.8968253968253969 0.634180790960452 0.050793650793650794 0.09322033898305085