6 0.5373015873015873 0.3629943502824859 0.10634920634920635 0.09322033898305085
4 0.4007936507936508 0.4364406779661017 0.06825396825396825 0.08757062146892655
4 0.5 0.4548022598870056 0.08253968253968254 0.06779661016949153
4 0.7103174603174603 0.5353107344632768 0.0873015873015873 0.09887005649717515
4 0.765079365079365 0.4971751412429379 0.07936507936507936 0.07909604519774012
4 0.973015873015873 0.5889830508474576 0.050793650793650794 0.07062146892655367
3 0.20952380952380953 0.7951977401129944 0.044444444444444446 0.11016949152542373
5 0.326984126984127 0.5070621468926554 0.031746031746031744 0.06497175141242938
5 0.37936507936507935 0.5042372881355932 0.031746031746031744 0.05367231638418079
5 0.4722222222222222 0.557909604519774 0.03968253968253968 0.08192090395480225
5 0.553968253968254 0.6002824858757062 0.044444444444444446 0.08192090395480225
5 0.55 0.5141242937853108 0.03650793650793651 0.06779661016949153
5 0.7111111111111111 0.5861581920903954 0.044444444444444446 0.07062146892655367
5 0.8269841269841269 0.7274011299435028 0.047619047619047616 0.08192090395480225