4 0.27936507936507937 0.4632768361581921 0.10793650793650794 0.13559322033898305
4 0.0761904761904762 0.5932203389830508 0.11746031746031746 0.1638418079096045
4 0.10555555555555556 0.6709039548022598 0.1126984126984127 0.18361581920903955
7 0.22301587301587303 0.3700564971751412 0.07142857142857142 0.10734463276836158
7 0.2753968253968254 0.20903954802259886 0.07142857142857142 0.0847457627118644
4 0.3619047619047619 0.23022598870056496 0.06031746031746032 0.07627118644067797
4 0.35079365079365077 0.307909604519774 0.0761904761904762 0.0847457627118644
0 0.37777777777777777 0.14124293785310735 0.06666666666666667 0.0903954802259887
4 0.18571428571428572 0.3361581920903955 0.06349206349206349 0.0903954802259887
4 0.26904761904761904 0.2740112994350282 0.07142857142857142 0.07344632768361582
4 0.8507936507936508 0.3799435028248588 0.06666666666666667 0.08757062146892655
6 0.9611111111111111 0.4519774011299435 0.0746031746031746 0.13559322033898305
4 0.9571428571428572 0.5621468926553672 0.08571428571428572 0.14124293785310735
4 0.4793650793650794 0.1384180790960452 0.025396825396825397 0.03954802259887006
5 0.19285714285714287 0.6822033898305084 0.049206349206349205 0.11581920903954802
5 0.37936507936507935 0.6822033898305084 0.05714285714285714 0.1271186440677966
5 0.4793650793650794 0.5451977401129944 0.05396825396825397 0.10734463276836158
5 0.326984126984127 0.8290960451977402 0.07936507936507936 0.11016949152542373
5 0.4119047619047619 0.8389830508474576 0.05555555555555555 0.14124293785310735
5 0.3007936507936508 0.942090395480226 0.0873015873015873 0.11016949152542373
5 0.6198412698412699 0.5042372881355932 0.05238095238095238 0.07627118644067797
5 0.36587301587301585 0.4350282485875706 0.04285714285714286 0.0903954802259887
5 0.3119047619047619 0.3629943502824859 0.03650793650793651 0.07627118644067797
5 0.09682539682539683 0.3644067796610169 0.025396825396825397 0.05649717514124294
5 0.42857142857142855 0.3644067796610169 0.025396825396825397 0.0847457627118644
5 0.530952380952381 0.3290960451977401 0.023809523809523808 0.07627118644067797
3 0.47063492063492063 0.2951977401129944 0.01746031746031746 0.07627118644067797
5 0.39206349206349206 0.3022598870056497 0.02857142857142857 0.06779661016949153
5 0.41984126984126985 0.2810734463276836 0.01746031746031746 0.06497175141242938
5 0.5079365079365079 0.3163841807909605 0.01904761904761905 0.06779661016949153
5 0.5714285714285714 0.268361581920904 0.015873015873015872 0.05649717514124294
5 0.5928571428571429 0.2274011299435028 0.011111111111111112 0.05367231638418079
5 0.580952380952381 0.2175141242937853 0.009523809523809525 0.05084745762711865
5 0.546031746031746 0.2641242937853107 0.015873015873015872 0.059322033898305086
7 0.5126984126984127 0.2274011299435028 0.012698412698412698 0.05367231638418079
7 0.49682539682539684 0.2231638418079096 0.012698412698412698 0.05084745762711865