4 0.293359375 0.175 0.05234375 0.075
4 0.328515625 0.17291666666666666 0.03046875 0.05416666666666667
5 0.190625 0.29305555555555557 0.028125 0.11944444444444445
5 0.254296875 0.2520833333333333 0.02421875 0.10416666666666667
5 0.363671875 0.3388888888888889 0.04296875 0.14444444444444443
5 0.358984375 0.14583333333333334 0.02890625 0.075
5 0.38046875 0.11180555555555556 0.01875 0.05416666666666667
5 0.354296875 0.11875 0.01953125 0.06527777777777778
5 0.462890625 0.3284722222222222 0.03984375 0.12638888888888888
5 0.484765625 0.40069444444444446 0.04609375 0.19027777777777777
5 0.538671875 0.46319444444444446 0.07109375 0.21805555555555556
5 0.679296875 0.5076388888888889 0.09140625 0.2263888888888889
5 0.731640625 0.6472222222222223 0.12265625 0.3055555555555556
5 0.87734375 0.6666666666666666 0.1484375 0.3055555555555556
5 0.84296875 0.5458333333333333 0.1046875 0.21944444444444444
5 0.209375 0.49583333333333335 0.0671875 0.25555555555555554