5 0.45634920634920634 0.8192090395480226 0.03968253968253968 0.12429378531073447
5 0.38571428571428573 0.7274011299435028 0.02857142857142857 0.10451977401129943
5 0.4777777777777778 0.6991525423728814 0.04126984126984127 0.11016949152542373
5 0.526984126984127 0.692090395480226 0.05396825396825397 0.0903954802259887
5 0.7023809523809523 0.692090395480226 0.05238095238095238 0.0847457627118644
5 0.6039682539682539 0.6709039548022598 0.05555555555555555 0.08192090395480225
5 0.30238095238095236 0.8813559322033898 0.06190476190476191 0.11864406779661017
5 0.353968253968254 0.9491525423728814 0.05714285714285714 0.1016949152542373
5 0.173015873015873 0.7740112994350282 0.031746031746031744 0.096045197740113
5 0.09841269841269841 0.6793785310734464 0.0380952380952381 0.08192090395480225
5 0.0626984126984127 0.634180790960452 0.03650793650793651 0.07062146892655367
5 0.12380952380952381 0.6031073446327684 0.03492063492063492 0.059322033898305086
5 0.14682539682539683 0.655367231638418 0.03333333333333333 0.0903954802259887
5 0.2119047619047619 0.5451977401129944 0.03333333333333333 0.06779661016949153
5 0.15079365079365079 0.864406779661017 0.044444444444444446 0.11299435028248588
4 0.14444444444444443 0.5240112994350282 0.06984126984126984 0.09322033898305085
4 0.5 0.4661016949152542 0.06984126984126984 0.07909604519774012
0 0.42698412698412697 0.3290960451977401 0.13015873015873017 0.07062146892655367
0 0.2388888888888889 0.3728813559322034 0.04285714285714286 0.096045197740113
6 0.8539682539682539 0.5240112994350282 0.10476190476190476 0.12146892655367232
6 0.680952380952381 0.5141242937853108 0.14285714285714285 0.1864406779661017
4 0.969047619047619 0.596045197740113 0.06190476190476191 0.0903954802259887
4 0.9023809523809524 0.6468926553672316 0.10317460317460317 0.14689265536723164
5 0.7690476190476191 0.634180790960452 0.046031746031746035 0.07627118644067797
5 0.8 0.6822033898305084 0.047619047619047616 0.07627118644067797
5 0.8055555555555556 0.7401129943502824 0.05873015873015873 0.096045197740113
5 0.8468253968253968 0.7415254237288136 0.04285714285714286 0.09887005649717515
5 0.6984126984126984 0.6002824858757062 0.044444444444444446 0.08192090395480225
5 0.553968253968254 0.5748587570621468 0.04126984126984127 0.08192090395480225
5 0.49682539682539684 0.5141242937853108 0.031746031746031744 0.06779661016949153
5 0.473015873015873 0.5621468926553672 0.04126984126984127 0.07344632768361582
5 0.46111111111111114 0.5070621468926554 0.03015873015873016 0.06497175141242938
5 0.39444444444444443 0.5141242937853108 0.03333333333333333 0.06779661016949153
5 0.24682539682539684 0.461864406779661 0.01746031746031746 0.05367231638418079
5 0.26587301587301587 0.4491525423728814 0.01746031746031746 0.05649717514124294
5 0.28809523809523807 0.4322033898305085 0.01746031746031746 0.05649717514124294
5 0.33095238095238094 0.480225988700565 0.020634920634920634 0.05084745762711865
5 0.41984126984126985 0.4632768361581921 0.023809523809523808 0.062146892655367235
5 0.3611111111111111 0.4590395480225989 0.020634920634920634 0.059322033898305086
5 0.3277777777777778 0.4392655367231638 0.020634920634920634 0.05367231638418079
5 0.11190476190476191 0.8361581920903954 0.03650793650793651 0.10734463276836158