0 0.4158730158730159 0.12005649717514125 0.05714285714285714 0.06497175141242938
4 0.9611111111111111 0.4251412429378531 0.0746031746031746 0.06497175141242938
4 0.8539682539682539 0.3771186440677966 0.06984126984126984 0.07627118644067797
4 0.776984126984127 0.4350282485875706 0.10952380952380952 0.12429378531073447
4 0.35555555555555557 0.19915254237288135 0.050793650793650794 0.059322033898305086
4 0.2920634920634921 0.2330508474576271 0.050793650793650794 0.059322033898305086
4 0.31825396825396823 0.3361581920903955 0.07777777777777778 0.0847457627118644
4 0.326984126984127 0.2570621468926554 0.06984126984126984 0.062146892655367235
4 0.25555555555555554 0.4731638418079096 0.08571428571428572 0.09322033898305085
4 0.06666666666666667 0.7471751412429378 0.12063492063492064 0.19491525423728814
4 0.03650793650793651 0.6652542372881356 0.07301587301587302 0.1440677966101695
7 0.18492063492063493 0.4152542372881356 0.08412698412698413 0.10734463276836158
7 0.34444444444444444 0.1652542372881356 0.05714285714285714 0.059322033898305086
6 0.0373015873015873 0.5070621468926554 0.0746031746031746 0.1553672316384181
5 0.4246031746031746 0.6073446327683616 0.05238095238095238 0.11299435028248588
5 0.39285714285714285 0.4661016949152542 0.049206349206349205 0.07909604519774012
5 0.3261904761904762 0.4562146892655367 0.03968253968253968 0.06497175141242938
5 0.36507936507936506 0.3799435028248588 0.025396825396825397 0.08192090395480225
5 0.42698412698412697 0.4124293785310734 0.03492063492063492 0.0847457627118644
5 0.45476190476190476 0.3601694915254237 0.026984126984126985 0.07627118644067797
5 0.5515873015873016 0.3192090395480226 0.01746031746031746 0.07344632768361582
5 0.5317460317460317 0.3192090395480226 0.022222222222222223 0.07909604519774012
5 0.4753968253968254 0.2909604519774011 0.01746031746031746 0.07344632768361582
5 0.10952380952380952 0.4081920903954802 0.031746031746031744 0.07627118644067797