5 0.4857142857142857 0.5663841807909604 0.0380952380952381 0.09322033898305085
4 0.7119047619047619 0.5310734463276836 0.09047619047619047 0.096045197740113
5 0.5658730158730159 0.5932203389830508 0.04285714285714286 0.0847457627118644
5 0.823015873015873 0.5282485875706214 0.0873015873015873 0.096045197740113
5 0.7579365079365079 0.7612994350282486 0.05238095238095238 0.11016949152542373
5 0.8690476190476191 0.7570621468926554 0.05238095238095238 0.0903954802259887
5 0.27936507936507937 0.480225988700565 0.022222222222222223 0.062146892655367235
5 0.30793650793650795 0.442090395480226 0.01904761904761905 0.059322033898305086
5 0.3380952380952381 0.4731638418079096 0.025396825396825397 0.07062146892655367
5 0.37777777777777777 0.4872881355932203 0.025396825396825397 0.059322033898305086
4 0.38571428571428573 0.4209039548022599 0.06031746031746032 0.0847457627118644
4 0.5079365079365079 0.4562146892655367 0.07936507936507936 0.06497175141242938
0 0.584920634920635 0.3884180790960452 0.11587301587301588 0.11581920903954802
5 0.7111111111111111 0.6793785310734464 0.047619047619047616 0.08757062146892655
5 0.830952380952381 0.6652542372881356 0.04285714285714286 0.07627118644067797
5 0.803968253968254 0.6440677966101694 0.04285714285714286 0.07344632768361582
5 0.9079365079365079 0.7443502824858758 0.03492063492063492 0.09322033898305085
3 0.2111111111111111 0.7951977401129944 0.050793650793650794 0.11016949152542373
5 0.046825396825396826 0.7542372881355932 0.03968253968253968 0.1016949152542373
5 0.07777777777777778 0.9180790960451978 0.06031746031746032 0.10734463276836158
5 0.14523809523809525 0.8771186440677966 0.05873015873015873 0.09887005649717515
5 0.423015873015873 0.5282485875706214 0.03650793650793651 0.0847457627118644
5 0.4984126984126984 0.4943502824858757 0.0380952380952381 0.05649717514124294
5 0.4793650793650794 0.4081920903954802 0.025396825396825397 0.0480225988700565
5 0.45396825396825397 0.4872881355932203 0.02857142857142857 0.06497175141242938
5 0.44603174603174606 0.5028248587570622 0.031746031746031744 0.06779661016949153
6 0.9476190476190476 0.6483050847457628 0.10476190476190476 0.16666666666666666