0 0.5793650793650794 0.2994350282485876 0.17142857142857143 0.1977401129943503
5 0.5619047619047619 0.4081920903954802 0.022222222222222223 0.09322033898305085
4 0.44285714285714284 0.24717514124293785 0.07301587301587302 0.06497175141242938
7 0.0373015873015873 0.6384180790960452 0.0746031746031746 0.1807909604519774
4 0.15396825396825398 0.6073446327683616 0.11428571428571428 0.1807909604519774
4 0.1880952380952381 0.4350282485875706 0.09365079365079365 0.12994350282485875
4 0.2714285714285714 0.3898305084745763 0.07936507936507936 0.1016949152542373
4 0.2904761904761905 0.3050847457627119 0.06031746031746032 0.06779661016949153
6 0.3753968253968254 0.1751412429378531 0.05238095238095238 0.07909604519774012
4 0.8484126984126984 0.3771186440677966 0.06825396825396825 0.07627118644067797
4 0.9611111111111111 0.4322033898305085 0.0746031746031746 0.07909604519774012
5 0.9007936507936508 0.4491525423728814 0.03650793650793651 0.06779661016949153
5 0.6023809523809524 0.5098870056497176 0.05238095238095238 0.08192090395480225
4 0.2777777777777778 0.9209039548022598 0.08888888888888889 0.12994350282485875
4 0.05 0.8290960451977402 0.049206349206349205 0.10451977401129943
4 0.17222222222222222 0.7528248587570622 0.05238095238095238 0.09887005649717515
4 0.2777777777777778 0.5508474576271186 0.0380952380952381 0.1016949152542373
4 0.2634920634920635 0.4901129943502825 0.03492063492063492 0.08757062146892655
4 0.3619047619047619 0.4901129943502825 0.04126984126984127 0.08757062146892655
4 0.4888888888888889 0.4449152542372881 0.02857142857142857 0.08757062146892655
4 0.11190476190476191 0.3672316384180791 0.020634920634920634 0.05649717514124294
4 0.523015873015873 0.4053672316384181 0.026984126984126985 0.09322033898305085
4 0.5650793650793651 0.3644067796610169 0.03492063492063492 0.06779661016949153
4 0.7150793650793651 0.2740112994350282 0.03015873015873016 0.05084745762711865
4 0.7373015873015873 0.3432203389830508 0.03333333333333333 0.059322033898305086