4 0.173046875 0.7041666666666667 0.15078125 0.1527777777777778
4 0.48515625 0.6305555555555555 0.0046875 0.005555555555555556
4 0.034765625 0.61875 0.06953125 0.09027777777777778
4 0.06796875 0.7361111111111112 0.1359375 0.16666666666666666
5 0.101171875 0.8909722222222223 0.08515625 0.17916666666666667
4 0.761328125 0.9340277777777778 0.27421875 0.13194444444444445
6 0.878125 0.8173611111111111 0.2421875 0.3625
2 0.580078125 0.5736111111111111 0.11640625 0.16111111111111112
2 0.6984375 0.5263888888888889 0.1125 0.14444444444444443
2 0.758203125 0.49583333333333335 0.06328125 0.10555555555555556
4 0.84921875 0.5972222222222222 0.0609375 0.08055555555555556
5 0.469140625 0.95625 0.07578125 0.08472222222222223