4 0.7047619047619048 0.538135593220339 0.08571428571428572 0.09887005649717515
4 0.45396825396825397 0.4661016949152542 0.08253968253968254 0.0903954802259887
4 0.5023809523809524 0.4491525423728814 0.07777777777777778 0.06779661016949153
4 0.8047619047619048 0.518361581920904 0.08571428571428572 0.09322033898305085
4 0.9587301587301588 0.5790960451977402 0.06031746031746032 0.07344632768361582
6 0.2849206349206349 0.3361581920903955 0.049206349206349205 0.062146892655367235
4 0.25873015873015875 0.4081920903954802 0.02857142857142857 0.059322033898305086
5 0.3817460317460317 0.846045197740113 0.05555555555555555 0.12146892655367232
5 0.25396825396825395 0.943502824858757 0.06349206349206349 0.11299435028248588
3 0.20952380952380953 0.7951977401129944 0.044444444444444446 0.11016949152542373
5 0.046825396825396826 0.7542372881355932 0.03650793650793651 0.0903954802259887
5 0.07857142857142857 0.9152542372881356 0.05873015873015873 0.10734463276836158
5 0.030952380952380953 0.597457627118644 0.03015873015873016 0.07062146892655367
5 0.048412698412698414 0.5409604519774012 0.023809523809523808 0.05367231638418079
5 0.10793650793650794 0.4971751412429379 0.022222222222222223 0.05649717514124294
5 0.36507936507936506 0.6101694915254238 0.047619047619047616 0.0847457627118644
5 0.28888888888888886 0.5211864406779662 0.025396825396825397 0.07627118644067797
5 0.40793650793650793 0.501412429378531 0.025396825396825397 0.07062146892655367
5 0.23492063492063492 0.442090395480226 0.012698412698412698 0.059322033898305086
5 0.3238095238095238 0.4081920903954802 0.025396825396825397 0.0480225988700565
5 0.5007936507936508 0.5692090395480226 0.04285714285714286 0.08192090395480225
5 0.5380952380952381 0.6129943502824858 0.047619047619047616 0.0903954802259887
5 0.5698412698412698 0.5988700564971752 0.044444444444444446 0.0847457627118644
4 0.6087301587301587 0.4279661016949153 0.07142857142857142 0.07062146892655367
5 0.638095238095238 0.4759887005649718 0.0380952380952381 0.06497175141242938
5 0.6968253968253968 0.4364406779661017 0.02857142857142857 0.0480225988700565
5 0.6944444444444444 0.6765536723163842 0.05238095238095238 0.09887005649717515
5 0.6523809523809524 0.6200564971751412 0.04126984126984127 0.07627118644067797
5 0.9047619047619048 0.7598870056497176 0.047619047619047616 0.096045197740113
5 0.8111111111111111 0.7231638418079096 0.050793650793650794 0.096045197740113
5 0.8579365079365079 0.6638418079096046 0.046031746031746035 0.0847457627118644
5 0.8198412698412698 0.6892655367231638 0.049206349206349205 0.0903954802259887
5 0.8365079365079365 0.6271186440677966 0.04126984126984127 0.0847457627118644
5 0.930952380952381 0.730225988700565 0.046031746031746035 0.08192090395480225
5 0.969047619047619 0.6991525423728814 0.03968253968253968 0.07627118644067797
5 0.9611111111111111 0.6129943502824858 0.03333333333333333 0.06779661016949153
5 0.703968253968254 0.597457627118644 0.046031746031746035 0.07062146892655367
5 0.5777777777777777 0.4519774011299435 0.02857142857142857 0.05084745762711865
5 0.44206349206349205 0.5310734463276836 0.03333333333333333 0.07344632768361582
5 0.3547619047619048 0.4067796610169492 0.03015873015873016 0.05084745762711865
5 0.38095238095238093 0.4731638418079096 0.02857142857142857 0.06497175141242938
5 0.37857142857142856 0.5211864406779662 0.04285714285714286 0.07062146892655367