4 0.07698412698412699 0.7358757062146892 0.12222222222222222 0.211864406779661
7 0.19206349206349208 0.4081920903954802 0.08253968253968254 0.11581920903954802
4 0.25396825396825395 0.4901129943502825 0.10793650793650794 0.1384180790960452
4 0.044444444444444446 0.6822033898305084 0.08888888888888889 0.2062146892655367
4 0.32142857142857145 0.3361581920903955 0.07777777777777778 0.0903954802259887
4 0.276984126984127 0.24717514124293785 0.05238095238095238 0.06497175141242938
4 0.33095238095238094 0.2542372881355932 0.06190476190476191 0.07344632768361582
7 0.3357142857142857 0.1751412429378531 0.05873015873015873 0.07344632768361582
4 0.34285714285714286 0.2019774011299435 0.050793650793650794 0.05367231638418079
0 0.4111111111111111 0.1271186440677966 0.06031746031746032 0.07344632768361582
4 0.807936507936508 0.4590395480225989 0.1111111111111111 0.1271186440677966
4 0.85 0.3700564971751412 0.06825396825396825 0.06779661016949153
4 0.9619047619047619 0.4350282485875706 0.0761904761904762 0.0903954802259887
5 0.22380952380952382 0.942090395480226 0.06031746031746032 0.11016949152542373
5 0.30158730158730157 0.9463276836158192 0.07936507936507936 0.10734463276836158
5 0.41349206349206347 0.8361581920903954 0.06190476190476191 0.13559322033898305
5 0.33095238095238094 0.8361581920903954 0.0746031746031746 0.10734463276836158
5 0.3325396825396825 0.730225988700565 0.06190476190476191 0.11581920903954802
5 0.45476190476190476 0.576271186440678 0.05555555555555555 0.11299435028248588
5 0.4238095238095238 0.4491525423728814 0.047619047619047616 0.07909604519774012
5 0.3388888888888889 0.4872881355932203 0.04285714285714286 0.09887005649717515
5 0.34444444444444444 0.4322033898305085 0.03492063492063492 0.062146892655367235
5 0.3753968253968254 0.3601694915254237 0.023809523809523808 0.08757062146892655
5 0.28809523809523807 0.3912429378531073 0.03968253968253968 0.07627118644067797
5 0.08253968253968254 0.442090395480226 0.025396825396825397 0.07627118644067797
5 0.18888888888888888 0.7062146892655368 0.050793650793650794 0.11299435028248588
5 0.12698412698412698 0.7980225988700564 0.050793650793650794 0.11016949152542373
5 0.7158730158730159 0.2754237288135593 0.031746031746031744 0.05367231638418079
5 0.7373015873015873 0.3432203389830508 0.03333333333333333 0.06497175141242938
5 0.8547619047619047 0.4251412429378531 0.03650793650793651 0.06497175141242938
5 0.4444444444444444 0.3912429378531073 0.03492063492063492 0.07627118644067797
5 0.4658730158730159 0.3389830508474576 0.023809523809523808 0.07344632768361582
3 0.4142857142857143 0.3672316384180791 0.031746031746031744 0.07909604519774012
5 0.5547619047619048 0.3135593220338983 0.01746031746031746 0.06779661016949153
5 0.48095238095238096 0.2824858757062147 0.015873015873015872 0.06779661016949153
5 0.5777777777777777 0.2782485875706215 0.015873015873015872 0.059322033898305086
5 0.37777777777777777 0.3050847457627119 0.025396825396825397 0.05649717514124294
4 0.4357142857142857 0.17231638418079095 0.03650793650793651 0.03954802259887006
5 0.2849206349206349 0.2033898305084746 0.020634920634920634 0.03389830508474576
5 0.1 0.3700564971751412 0.02857142857142857 0.05649717514124294
5 0.5103174603174603 0.2810734463276836 0.014285714285714285 0.06497175141242938
5 0.530952380952381 0.3022598870056497 0.01746031746031746 0.07344632768361582