4 0.53515625 0.9138888888888889 0.240625 0.17222222222222222
4 0.31953125 0.9430555555555555 0.221875 0.11388888888888889
4 0.27421875 0.83125 0.1609375 0.15416666666666667
4 0.239453125 0.7243055555555555 0.14609375 0.09583333333333334
4 0.119140625 0.7548611111111111 0.12109375 0.1375
4 0.044921875 0.8361111111111111 0.08984375 0.19166666666666668
4 0.03359375 0.7 0.0671875 0.09722222222222222
4 0.8984375 0.6888888888888889 0.0484375 0.08055555555555556
6 0.90546875 0.8659722222222223 0.1890625 0.26805555555555555
2 0.6203125 0.6659722222222222 0.1203125 0.17083333333333334
2 0.740234375 0.6069444444444444 0.11484375 0.17222222222222222