4 0.52734375 0.42391304347826086 0.0625 0.1289855072463768
5 0.829296875 0.47681159420289854 0.04296875 0.12173913043478261
5 0.726171875 0.4449275362318841 0.02734375 0.11304347826086956
5 0.7703125 0.40942028985507245 0.03125 0.09130434782608696
5 0.704296875 0.3978260869565217 0.02734375 0.09710144927536232
5 0.733203125 0.3652173913043478 0.02734375 0.08695652173913043
5 0.59921875 0.2971014492753623 0.01875 0.06376811594202898
5 0.63125 0.30869565217391304 0.0203125 0.07246376811594203
1 0.301171875 0.5094202898550725 0.16640625 0.5434782608695652
7 0.104296875 0.5608695652173913 0.09296875 0.2289855072463768
6 0.18515625 0.5369565217391304 0.0984375 0.28840579710144926
4 0.876953125 0.881159420289855 0.18984375 0.23478260869565218
5 0.875390625 0.686231884057971 0.05546875 0.1463768115942029