5 0.46111111111111114 0.7542372881355932 0.04285714285714286 0.10734463276836158
5 0.5158730158730159 0.6031073446327684 0.044444444444444446 0.08192090395480225
5 0.5388888888888889 0.5790960451977402 0.03968253968253968 0.07909604519774012
5 0.780952380952381 0.7401129943502824 0.05714285714285714 0.0903954802259887
5 0.8674603174603175 0.634180790960452 0.04285714285714286 0.08192090395480225
5 0.8071428571428572 0.5480225988700564 0.03968253968253968 0.062146892655367235
5 0.326984126984127 0.8573446327683616 0.04126984126984127 0.12146892655367232
4 0.16031746031746033 0.5 0.04126984126984127 0.062146892655367235
4 0.30396825396825394 0.4858757062146893 0.08412698412698413 0.0847457627118644
4 0.3134920634920635 0.3771186440677966 0.03333333333333333 0.0423728813559322
4 0.5158730158730159 0.3870056497175141 0.050793650793650794 0.05084745762711865
4 0.4380952380952381 0.3644067796610169 0.044444444444444446 0.05084745762711865
4 0.5761904761904761 0.5112994350282486 0.08571428571428572 0.10734463276836158
4 0.7119047619047619 0.6002824858757062 0.05555555555555555 0.1271186440677966
4 0.776984126984127 0.4632768361581921 0.07142857142857142 0.05649717514124294
6 0.38095238095238093 0.3629943502824859 0.07301587301587302 0.08192090395480225