4 0.5023809523809524 0.2838983050847458 0.03015873015873016 0.03672316384180791
6 0.4365079365079365 0.3912429378531073 0.08571428571428572 0.11581920903954802
4 0.6309523809523809 0.5211864406779662 0.10634920634920635 0.11016949152542373
0 0.30634920634920637 0.3319209039548023 0.08888888888888889 0.06497175141242938
4 0.06984126984126984 0.634180790960452 0.09206349206349207 0.12146892655367232
4 0.780952380952381 0.6680790960451978 0.11428571428571428 0.17231638418079095
4 0.8849206349206349 0.538135593220339 0.10317460317460317 0.1327683615819209
4 0.5468253968253968 0.3714689265536723 0.05555555555555555 0.05367231638418079
3 0.19682539682539682 0.8050847457627118 0.05396825396825397 0.11299435028248588
5 0.34206349206349207 0.9533898305084746 0.05555555555555555 0.09322033898305085
5 0.25793650793650796 0.942090395480226 0.06190476190476191 0.11016949152542373
5 0.4142857142857143 0.847457627118644 0.050793650793650794 0.12994350282485875
5 0.473015873015873 0.751412429378531 0.050793650793650794 0.11299435028248588
5 0.5452380952380952 0.6864406779661016 0.05238095238095238 0.1016949152542373
5 0.65 0.6864406779661016 0.05555555555555555 0.07909604519774012
5 0.7198412698412698 0.6822033898305084 0.049206349206349205 0.10451977401129943
5 0.8595238095238096 0.7711864406779662 0.05238095238095238 0.1016949152542373
5 0.7738095238095238 0.7443502824858758 0.05238095238095238 0.09322033898305085
5 0.6 0.6002824858757062 0.044444444444444446 0.07627118644067797
5 0.6619047619047619 0.6002824858757062 0.044444444444444446 0.07627118644067797
5 0.8047619047619048 0.559322033898305 0.04126984126984127 0.06779661016949153
5 0.9658730158730159 0.6850282485875706 0.03968253968253968 0.07627118644067797
5 0.9738095238095238 0.5522598870056498 0.03015873015873016 0.05367231638418079
5 0.8023809523809524 0.501412429378531 0.03015873015873016 0.0480225988700565
5 0.7095238095238096 0.4378531073446328 0.025396825396825397 0.05084745762711865
5 0.14285714285714285 0.5310734463276836 0.025396825396825397 0.062146892655367235
5 0.3349206349206349 0.5070621468926554 0.031746031746031744 0.07062146892655367
5 0.5087301587301587 0.5480225988700564 0.03015873015873016 0.0847457627118644
5 0.5087301587301587 0.4632768361581921 0.03650793650793651 0.05649717514124294
5 0.42698412698412697 0.5353107344632768 0.03492063492063492 0.07627118644067797
5 0.46111111111111114 0.4661016949152542 0.03650793650793651 0.05649717514124294
5 0.5079365079365079 0.3714689265536723 0.022222222222222223 0.0480225988700565
5 0.4111111111111111 0.4519774011299435 0.0380952380952381 0.05649717514124294
5 0.35634920634920636 0.4562146892655367 0.03333333333333333 0.059322033898305086
5 0.373015873015873 0.4251412429378531 0.025396825396825397 0.05367231638418079
4 0.3888888888888889 0.3432203389830508 0.0380952380952381 0.03672316384180791
4 0.35555555555555557 0.3954802259887006 0.044444444444444446 0.05084745762711865
4 0.24603174603174602 0.4180790960451977 0.03492063492063492 0.05649717514124294
5 0.2492063492063492 0.4661016949152542 0.031746031746031744 0.05649717514124294
5 0.6079365079365079 0.4110169491525424 0.025396825396825397 0.0480225988700565
5 0.07539682539682539 0.9152542372881356 0.06190476190476191 0.10734463276836158
5 0.05396825396825397 0.7768361581920904 0.047619047619047616 0.1016949152542373