0 0.830952380952381 0.4872881355932203 0.14444444444444443 0.1327683615819209
5 0.04206349206349207 0.7612994350282486 0.03650793650793651 0.09887005649717515
5 0.5119047619047619 0.7161016949152542 0.05555555555555555 0.09322033898305085
5 0.4928571428571429 0.5861581920903954 0.04285714285714286 0.08757062146892655
5 0.3880952380952381 0.5282485875706214 0.03650793650793651 0.07344632768361582
5 0.5825396825396826 0.6073446327683616 0.044444444444444446 0.07909604519774012
5 0.6682539682539682 0.6101694915254238 0.050793650793650794 0.07909604519774012
5 0.7198412698412698 0.6412429378531074 0.05238095238095238 0.07909604519774012
5 0.6944444444444444 0.6963276836158192 0.05873015873015873 0.059322033898305086
4 0.3388888888888889 0.384180790960452 0.046031746031746035 0.05649717514124294
4 0.5238095238095238 0.4632768361581921 0.07936507936507936 0.06779661016949153
4 0.726984126984127 0.5211864406779662 0.08888888888888889 0.08192090395480225
6 0.6309523809523809 0.5169491525423728 0.1349206349206349 0.15819209039548024