4 0.889453125 0.6708333333333333 0.05859375 0.06944444444444445
4 0.49609375 0.8951388888888889 0.2265625 0.20416666666666666
4 0.031640625 0.8076388888888889 0.06328125 0.1486111111111111
4 0.27421875 0.9270833333333334 0.2171875 0.14583333333333334
4 0.246484375 0.8138888888888889 0.15390625 0.15555555555555556
4 0.104296875 0.7368055555555556 0.11953125 0.1375
4 0.226171875 0.7180555555555556 0.14765625 0.09444444444444444
4 0.02265625 0.6868055555555556 0.0453125 0.09027777777777778
6 0.901171875 0.8520833333333333 0.19609375 0.2652777777777778
2 0.6171875 0.6479166666666667 0.1140625 0.1625
2 0.733984375 0.5895833333333333 0.11171875 0.1625
2 0.804296875 0.5638888888888889 0.05703125 0.09166666666666666
5 0.729296875 0.93125 0.04453125 0.1375