2 0.5703125 0.5361111111111111 0.1171875 0.16666666666666666
2 0.687109375 0.48333333333333334 0.11328125 0.16111111111111112
6 0.8765625 0.7916666666666666 0.246875 0.38333333333333336
4 0.80859375 0.9291666666666667 0.19375 0.14166666666666666
4 0.834375 0.5513888888888889 0.0453125 0.06666666666666667
5 0.169140625 0.9048611111111111 0.08828125 0.19027777777777777
5 0.02890625 0.8541666666666666 0.0578125 0.16111111111111112
4 0.187109375 0.59375 0.15078125 0.0875
4 0.190234375 0.6826388888888889 0.15546875 0.1597222222222222
4 0.079296875 0.7229166666666667 0.14921875 0.17916666666666667
4 0.0359375 0.5944444444444444 0.071875 0.09444444444444444