5 0.376171875 0.8041666666666667 0.13828125 0.39166666666666666
5 0.840625 0.64375 0.1328125 0.2875
5 0.19921875 0.4201388888888889 0.0515625 0.20972222222222223
5 0.5609375 0.4652777777777778 0.0625 0.22777777777777777
5 0.25078125 0.22569444444444445 0.0203125 0.0875
4 0.308984375 0.19375 0.05703125 0.09027777777777778
5 0.407421875 0.3909722222222222 0.04609375 0.16805555555555557
5 0.50703125 0.3729166666666667 0.040625 0.15138888888888888
5 0.645703125 0.5618055555555556 0.09609375 0.2763888888888889
5 0.941015625 0.8194444444444444 0.11796875 0.3611111111111111
5 0.41015625 0.17083333333333334 0.0234375 0.08055555555555556
5 0.383984375 0.1597222222222222 0.02265625 0.10833333333333334
5 0.202734375 0.25625 0.02421875 0.10416666666666667
3 0.209375 0.20694444444444443 0.0203125 0.07777777777777778