0 0.7833333333333333 0.4011299435028249 0.20476190476190476 0.24858757062146894
4 0.20952380952380953 0.5353107344632768 0.11746031746031746 0.1497175141242938
4 0.3 0.3573446327683616 0.08253968253968254 0.08757062146892655
4 0.25793650793650796 0.3389830508474576 0.0746031746031746 0.0903954802259887
4 0.3547619047619048 0.2401129943502825 0.05238095238095238 0.05649717514124294
4 0.5738095238095238 0.3093220338983051 0.09365079365079365 0.09322033898305085
4 0.36587301587301585 0.1751412429378531 0.04285714285714286 0.04519774011299435
4 0.9619047619047619 0.4322033898305085 0.0761904761904762 0.0903954802259887
7 0.10873015873015873 0.5211864406779662 0.09365079365079365 0.1327683615819209
7 0.4087301587301587 0.134180790960452 0.04285714285714286 0.0480225988700565
6 0.2698412698412698 0.2514124293785311 0.0761904761904762 0.096045197740113
5 0.34285714285714286 0.8149717514124294 0.05396825396825397 0.08192090395480225
5 0.16111111111111112 0.7330508474576272 0.05238095238095238 0.12146892655367232
5 0.4650793650793651 0.5240112994350282 0.044444444444444446 0.09322033898305085
5 0.3380952380952381 0.4830508474576271 0.044444444444444446 0.0903954802259887
5 0.473015873015873 0.3799435028248588 0.025396825396825397 0.08757062146892655
5 0.5238095238095238 0.3912429378531073 0.025396825396825397 0.08192090395480225
5 0.7317460317460317 0.4562146892655367 0.044444444444444446 0.08192090395480225
5 0.8698412698412699 0.6214689265536724 0.05396825396825397 0.096045197740113
5 0.49603174603174605 0.288135593220339 0.01746031746031746 0.062146892655367235