4 0.06984126984126984 0.7443502824858758 0.12063492063492064 0.19491525423728814
4 0.0373015873015873 0.6638418079096046 0.0746031746031746 0.14689265536723164
4 0.24603174603174602 0.4971751412429379 0.10476190476190476 0.12994350282485875
4 0.32301587301587303 0.3361581920903955 0.08095238095238096 0.0847457627118644
4 0.326984126984127 0.2570621468926554 0.06349206349206349 0.062146892655367235
4 0.2849206349206349 0.2401129943502825 0.05238095238095238 0.062146892655367235
4 0.3484126984126984 0.19915254237288135 0.049206349206349205 0.059322033898305086
4 0.43253968253968256 0.1751412429378531 0.03968253968253968 0.04519774011299435
4 0.7888888888888889 0.442090395480226 0.10793650793650794 0.1271186440677966
4 0.8507936507936508 0.3700564971751412 0.06666666666666667 0.06779661016949153
4 0.9619047619047619 0.4293785310734463 0.0761904761904762 0.07344632768361582
7 0.18492063492063493 0.4138418079096045 0.08412698412698413 0.11581920903954802
7 0.34206349206349207 0.16807909604519775 0.05555555555555555 0.059322033898305086
5 0.4380952380952381 0.5932203389830508 0.05396825396825397 0.10734463276836158
5 0.31507936507936507 0.7471751412429378 0.05238095238095238 0.08757062146892655
5 0.40634920634920635 0.4632768361581921 0.050793650793650794 0.0847457627118644
5 0.3325396825396825 0.4449152542372881 0.04285714285714286 0.06497175141242938
5 0.26904761904761904 0.4011299435028249 0.04285714285714286 0.062146892655367235
5 0.4579365079365079 0.346045197740113 0.026984126984126985 0.07627118644067797
5 0.43492063492063493 0.4011299435028249 0.03492063492063492 0.07344632768361582
5 0.553968253968254 0.3149717514124294 0.015873015873015872 0.07062146892655367
5 0.36904761904761907 0.3742937853107345 0.023809523809523808 0.08757062146892655
5 0.5087301587301587 0.288135593220339 0.01746031746031746 0.06779661016949153
5 0.6190476190476191 0.3121468926553672 0.01904761904761905 0.06497175141242938