5 0.46111111111111114 0.867231638418079 0.03968253968253968 0.13559322033898305
0 0.403968253968254 0.3290960451977401 0.13174603174603175 0.06497175141242938
6 0.623015873015873 0.4901129943502825 0.13174603174603175 0.17231638418079095
4 0.8468253968253968 0.617231638418079 0.10952380952380952 0.1327683615819209
6 0.8547619047619047 0.5268361581920904 0.10634920634920635 0.1327683615819209
4 0.969047619047619 0.596045197740113 0.06190476190476191 0.07909604519774012
4 0.46111111111111114 0.4491525423728814 0.06507936507936508 0.07344632768361582
0 0.2388888888888889 0.3700564971751412 0.049206349206349205 0.0903954802259887
4 0.17539682539682538 0.4971751412429379 0.06190476190476191 0.0847457627118644
5 0.08571428571428572 0.8983050847457628 0.05396825396825397 0.10734463276836158
5 0.11825396825396825 0.692090395480226 0.04285714285714286 0.0903954802259887
5 0.06190476190476191 0.7203389830508474 0.03492063492063492 0.0903954802259887
5 0.07301587301587302 0.6581920903954802 0.0380952380952381 0.062146892655367235
5 0.1523809523809524 0.6002824858757062 0.0380952380952381 0.07627118644067797
5 0.22142857142857142 0.5720338983050848 0.03968253968253968 0.059322033898305086
5 0.26904761904761904 0.5409604519774012 0.04285714285714286 0.07062146892655367
5 0.15079365079365079 0.8050847457627118 0.05396825396825397 0.07909604519774012
5 0.1746031746031746 0.7401129943502824 0.044444444444444446 0.07344632768361582
3 0.2007936507936508 0.7980225988700564 0.05238095238095238 0.09322033898305085
5 0.276984126984127 0.9152542372881356 0.06190476190476191 0.11864406779661017
5 0.35793650793650794 0.8290960451977402 0.03650793650793651 0.12146892655367232
5 0.430952380952381 0.7528248587570622 0.04285714285714286 0.11581920903954802
5 0.4888888888888889 0.7161016949152542 0.05714285714285714 0.09887005649717515
5 0.5563492063492064 0.6751412429378532 0.05873015873015873 0.0903954802259887
5 0.5198412698412699 0.6002824858757062 0.049206349206349205 0.07627118644067797
5 0.6452380952380953 0.6779661016949152 0.05238095238095238 0.0847457627118644
5 0.6777777777777778 0.6101694915254238 0.047619047619047616 0.06779661016949153
5 0.7277777777777777 0.655367231638418 0.046031746031746035 0.07909604519774012
5 0.796031746031746 0.7090395480225988 0.04285714285714286 0.1016949152542373
5 0.7428571428571429 0.7090395480225988 0.05396825396825397 0.096045197740113
5 0.3547619047619048 0.501412429378531 0.03333333333333333 0.06497175141242938
5 0.4261904761904762 0.5353107344632768 0.03968253968253968 0.07627118644067797
5 0.4579365079365079 0.4901129943502825 0.03015873015873016 0.07062146892655367
5 0.4119047619047619 0.4774011299435028 0.026984126984126985 0.05649717514124294
5 0.48174603174603176 0.538135593220339 0.03650793650793651 0.07627118644067797
5 0.546031746031746 0.538135593220339 0.04126984126984127 0.08192090395480225
5 0.5611111111111111 0.5240112994350282 0.026984126984126985 0.07627118644067797
5 0.3341269841269841 0.4463276836158192 0.020634920634920634 0.05649717514124294
5 0.29444444444444445 0.4519774011299435 0.01746031746031746 0.05649717514124294
5 0.30396825396825394 0.4251412429378531 0.01746031746031746 0.0480225988700565
5 0.3277777777777778 0.3940677966101695 0.014285714285714285 0.0480225988700565
5 0.3888888888888889 0.442090395480226 0.01904761904761905 0.05367231638418079
5 0.18174603174603174 0.8742937853107344 0.06507936507936508 0.10451977401129943
5 0.7738095238095238 0.4901129943502825 0.03015873015873016 0.059322033898305086