5 0.628125 0.4920289855072464 0.025 0.11739130434782609
4 0.75546875 0.45072463768115945 0.0625 0.13043478260869565
5 0.754296875 0.6 0.05234375 0.1681159420289855
5 0.572265625 0.3572463768115942 0.03046875 0.11739130434782609
7 0.332421875 0.3963768115942029 0.05703125 0.14347826086956522
5 0.68125 0.5260869565217391 0.0375 0.12753623188405797
5 0.08046875 0.768840579710145 0.04375 0.16666666666666666
5 0.8234375 0.6536231884057971 0.05 0.16521739130434782
4 0.233203125 0.5731884057971014 0.08828125 0.18695652173913044
5 0.057421875 0.6666666666666666 0.03046875 0.13043478260869565
5 0.136328125 0.572463768115942 0.03046875 0.1072463768115942
5 0.133203125 0.46304347826086956 0.02265625 0.06811594202898551
5 0.173046875 0.4971014492753623 0.02265625 0.10434782608695652