6 0.9531746031746032 0.4519774011299435 0.09365079365079365 0.15254237288135594
4 0.7928571428571428 0.4759887005649718 0.11587301587301588 0.1271186440677966
4 0.85 0.3742937853107345 0.06507936507936508 0.07627118644067797
7 0.3349206349206349 0.2528248587570621 0.06031746031746032 0.08192090395480225
4 0.22777777777777777 0.3912429378531073 0.09682539682539683 0.10451977401129943
4 0.276984126984127 0.4703389830508475 0.1 0.1327683615819209
7 0.05396825396825397 0.5692090395480226 0.10793650793650794 0.17231638418079095
4 0.12142857142857143 0.6652542372881356 0.12222222222222222 0.2062146892655367
4 0.4738095238095238 0.17937853107344634 0.03650793650793651 0.0480225988700565
5 0.09047619047619047 0.8121468926553672 0.06031746031746032 0.09322033898305085
3 0.14285714285714285 0.7062146892655368 0.050793650793650794 0.10734463276836158
5 0.19285714285714287 0.7161016949152542 0.049206349206349205 0.12146892655367232
5 0.21428571428571427 0.9533898305084746 0.06031746031746032 0.09322033898305085
5 0.30158730158730157 0.943502824858757 0.08571428571428572 0.11299435028248588
5 0.29444444444444445 0.7782485875706214 0.05873015873015873 0.11016949152542373
5 0.41349206349206347 0.8361581920903954 0.05873015873015873 0.12994350282485875
5 0.32936507936507936 0.8290960451977402 0.07777777777777778 0.11581920903954802
5 0.48174603174603176 0.5522598870056498 0.049206349206349205 0.10451977401129943
5 0.39365079365079364 0.3742937853107345 0.02857142857142857 0.07627118644067797
5 0.35793650793650794 0.4675141242937853 0.03968253968253968 0.09887005649717515
5 0.3198412698412698 0.4632768361581921 0.03650793650793651 0.0903954802259887
5 0.44206349206349205 0.2980225988700565 0.020634920634920634 0.06497175141242938
5 0.5388888888888889 0.23728813559322035 0.01746031746031746 0.05649717514124294
5 0.4738095238095238 0.2824858757062147 0.01746031746031746 0.06779661016949153
5 0.4857142857142857 0.2344632768361582 0.012698412698412698 0.05084745762711865
5 0.44682539682539685 0.2570621468926554 0.01746031746031746 0.05084745762711865
0 0.06666666666666667 0.4110169491525424 0.13333333333333333 0.211864406779661
5 0.719047619047619 0.2754237288135593 0.02857142857142857 0.0480225988700565
5 0.7388888888888889 0.3389830508474576 0.03650793650793651 0.062146892655367235