4 0.478515625 0.24130434782608695 0.04296875 0.08840579710144927
5 0.703125 0.3753623188405797 0.028125 0.10144927536231885
5 0.701171875 0.3318840579710145 0.03046875 0.10434782608695652
4 0.33125 0.4782608695652174 0.05625 0.11594202898550725
4 0.76328125 0.5905797101449275 0.09375 0.17246376811594202
5 0.601171875 0.3934782608695652 0.02578125 0.09130434782608696
5 0.85 0.8152173913043478 0.0625 0.23043478260869565
5 0.62734375 0.49130434782608695 0.0296875 0.12753623188405797
5 0.761328125 0.4318840579710145 0.03203125 0.10434782608695652
1 0.14453125 0.7630434782608696 0.2890625 0.47391304347826085
5 0.76015625 0.7471014492753624 0.0484375 0.17246376811594202