0 0.6547619047619048 0.3333333333333333 0.18253968253968253 0.22033898305084745
4 0.9611111111111111 0.4322033898305085 0.0746031746031746 0.0903954802259887
4 0.8468253968253968 0.3771186440677966 0.07142857142857142 0.07627118644067797
4 0.4928571428571429 0.2711864406779661 0.08095238095238096 0.07909604519774012
4 0.31587301587301586 0.2824858757062147 0.06031746031746032 0.06779661016949153
4 0.2865079365079365 0.3700564971751412 0.08095238095238096 0.096045197740113
4 0.21984126984126984 0.3912429378531073 0.08412698412698413 0.10451977401129943
7 0.06190476190476191 0.5790960451977402 0.09841269841269841 0.15819209039548024
4 0.18095238095238095 0.5692090395480226 0.11746031746031746 0.1553672316384181
4 0.05873015873015873 0.8573446327683616 0.05714285714285714 0.09322033898305085
3 0.17936507936507937 0.672316384180791 0.050793650793650794 0.12429378531073447
5 0.4119047619047619 0.8389830508474576 0.05555555555555555 0.13559322033898305
5 0.32936507936507936 0.8559322033898306 0.06825396825396825 0.12994350282485875
5 0.29523809523809524 0.7669491525423728 0.06349206349206349 0.11016949152542373
5 0.2357142857142857 0.6468926553672316 0.046031746031746035 0.1016949152542373
5 0.2650793650793651 0.5790960451977402 0.047619047619047616 0.10734463276836158
5 0.276984126984127 0.4971751412429379 0.03968253968253968 0.0903954802259887
5 0.28809523809523807 0.4350282485875706 0.03333333333333333 0.062146892655367235
5 0.5015873015873016 0.4251412429378531 0.025396825396825397 0.08757062146892655
5 0.526984126984127 0.3813559322033898 0.022222222222222223 0.0847457627118644
5 0.48174603174603176 0.4152542372881356 0.023809523809523808 0.0903954802259887
5 0.42777777777777776 0.4350282485875706 0.04285714285714286 0.0847457627118644
5 0.3547619047619048 0.4152542372881356 0.03650793650793651 0.0847457627118644
5 0.3373015873015873 0.288135593220339 0.014285714285714285 0.062146892655367235
5 0.5642857142857143 0.3771186440677966 0.01746031746031746 0.08757062146892655
5 0.5119047619047619 0.3432203389830508 0.01746031746031746 0.07627118644067797
5 0.7063492063492064 0.5423728813559322 0.05714285714285714 0.0847457627118644
5 0.8642857142857143 0.4251412429378531 0.03968253968253968 0.06497175141242938
5 0.8150793650793651 0.4011299435028249 0.03333333333333333 0.062146892655367235
5 0.11904761904761904 0.7740112994350282 0.05396825396825397 0.10734463276836158
5 0.15476190476190477 0.7782485875706214 0.049206349206349205 0.09887005649717515
6 0.33650793650793653 0.2019774011299435 0.06349206349206349 0.09322033898305085
4 0.3880952380952381 0.15819209039548024 0.03968253968253968 0.03954802259887006