0 0.8738095238095238 0.4449152542372881 0.1984126984126984 0.2627118644067797
6 0.21349206349206348 0.3050847457627119 0.07142857142857142 0.10734463276836158
4 0.6317460317460317 0.3403954802259887 0.10158730158730159 0.10451977401129943
4 0.3817460317460317 0.21610169491525424 0.049206349206349205 0.05367231638418079
4 0.3468253968253968 0.18926553672316385 0.046031746031746035 0.04519774011299435
4 0.3047619047619048 0.346045197740113 0.08253968253968254 0.08757062146892655
4 0.28095238095238095 0.307909604519774 0.06984126984126984 0.07909604519774012
7 0.1388888888888889 0.4774011299435028 0.09047619047619047 0.12994350282485875
4 0.03968253968253968 0.8121468926553672 0.07936507936507936 0.17231638418079095
5 0.5388888888888889 0.4392655367231638 0.03333333333333333 0.09322033898305085
5 0.3817460317460317 0.4392655367231638 0.03968253968253968 0.08757062146892655
5 0.48333333333333334 0.3545197740112994 0.023809523809523808 0.08192090395480225
5 0.5365079365079365 0.3672316384180791 0.022222222222222223 0.07344632768361582
5 0.515079365079365 0.3573446327683616 0.020634920634920634 0.08757062146892655
5 0.5619047619047619 0.3333333333333333 0.01904761904761905 0.07344632768361582
5 0.8111111111111111 0.5112994350282486 0.047619047619047616 0.0847457627118644
5 0.25952380952380955 0.4081920903954802 0.04285714285714286 0.07627118644067797
5 0.34206349206349207 0.8149717514124294 0.05238095238095238 0.08192090395480225