4 0.5171875 0.3898550724637681 0.059375 0.12173913043478261
5 0.811328125 0.45217391304347826 0.04296875 0.12173913043478261
5 0.711328125 0.42028985507246375 0.02734375 0.11304347826086956
5 0.753125 0.39057971014492754 0.03125 0.09130434782608696
5 0.690234375 0.3760869565217391 0.02734375 0.09710144927536232
5 0.71640625 0.35434782608695653 0.028125 0.08840579710144927
5 0.5921875 0.28405797101449276 0.01875 0.06376811594202898
5 0.62421875 0.2927536231884058 0.0203125 0.07246376811594203
4 0.851171875 0.836231884057971 0.18984375 0.23478260869565218
7 0.076171875 0.6028985507246377 0.11328125 0.2753623188405797
6 0.157421875 0.5876811594202899 0.10703125 0.32028985507246377
1 0.28125 0.5702898550724638 0.1984375 0.636231884057971
5 0.85234375 0.5623188405797102 0.0375 0.12173913043478261
5 0.73203125 0.8311594202898551 0.0546875 0.21014492753623187
5 0.8140625 0.6036231884057971 0.046875 0.14347826086956522
5 0.968359375 0.7166666666666667 0.06328125 0.17246376811594202