4 0.5007936507936508 0.4562146892655367 0.0873015873015873 0.059322033898305086
4 0.4126984126984127 0.442090395480226 0.06666666666666667 0.09322033898305085
4 0.7087301587301588 0.538135593220339 0.08412698412698413 0.09322033898305085
4 0.726984126984127 0.4759887005649718 0.07936507936507936 0.07627118644067797
4 0.2634920634920635 0.3983050847457627 0.022222222222222223 0.05649717514124294
4 0.9412698412698413 0.5790960451977402 0.08571428571428572 0.0903954802259887
6 0.2619047619047619 0.3290960451977401 0.04126984126984127 0.06497175141242938
0 0.5079365079365079 0.3531073446327684 0.10158730158730159 0.0847457627118644
5 0.046031746031746035 0.7542372881355932 0.0380952380952381 0.096045197740113
3 0.2111111111111111 0.7951977401129944 0.047619047619047616 0.11016949152542373
5 0.07698412698412699 0.9110169491525424 0.05873015873015873 0.10451977401129943
5 0.14444444444444443 0.8799435028248588 0.05714285714285714 0.10451977401129943
5 0.13253968253968254 0.4872881355932203 0.023809523809523808 0.05367231638418079
5 0.24603174603174602 0.4661016949152542 0.015873015873015872 0.05649717514124294
5 0.30158730158730157 0.4774011299435028 0.025396825396825397 0.05649717514124294
5 0.36904761904761907 0.5310734463276836 0.03333333333333333 0.07344632768361582
5 0.40793650793650793 0.5141242937853108 0.02857142857142857 0.07344632768361582
5 0.44682539682539685 0.5282485875706214 0.03333333333333333 0.07344632768361582
5 0.4738095238095238 0.5211864406779662 0.03333333333333333 0.07062146892655367
5 0.43174603174603177 0.3954802259887006 0.022222222222222223 0.05084745762711865
5 0.4793650793650794 0.4152542372881356 0.025396825396825397 0.04519774011299435
5 0.5603174603174603 0.4463276836158192 0.031746031746031744 0.05649717514124294
5 0.5738095238095238 0.4731638418079096 0.03650793650793651 0.059322033898305086
5 0.5142857142857142 0.5790960451977402 0.044444444444444446 0.0903954802259887
5 0.5341269841269841 0.5282485875706214 0.03968253968253968 0.07344632768361582
5 0.580952380952381 0.5353107344632768 0.0380952380952381 0.07062146892655367
5 0.5753968253968254 0.5889830508474576 0.04285714285714286 0.07062146892655367
5 0.6111111111111112 0.6271186440677966 0.047619047619047616 0.07344632768361582
5 0.703968253968254 0.6581920903954802 0.05238095238095238 0.0847457627118644
5 0.734920634920635 0.6412429378531074 0.0380952380952381 0.0903954802259887
5 0.6817460317460318 0.5932203389830508 0.046031746031746035 0.07909604519774012
5 0.7753968253968254 0.617231638418079 0.046031746031746035 0.07627118644067797
5 0.8158730158730159 0.6610169491525424 0.047619047619047616 0.0847457627118644
5 0.8357142857142857 0.634180790960452 0.03650793650793651 0.07062146892655367
5 0.861904761904762 0.6963276836158192 0.047619047619047616 0.09322033898305085
5 0.8444444444444444 0.5042372881355932 0.025396825396825397 0.05367231638418079
5 0.823015873015873 0.4830508474576271 0.03650793650793651 0.04519774011299435
5 0.6714285714285714 0.4152542372881356 0.031746031746031744 0.04519774011299435
5 0.638095238095238 0.442090395480226 0.031746031746031744 0.059322033898305086
5 0.584920634920635 0.3912429378531073 0.01746031746031746 0.0480225988700565
5 0.6055555555555555 0.3813559322033898 0.01746031746031746 0.04519774011299435
5 0.5158730158730159 0.3912429378531073 0.022222222222222223 0.0423728813559322
5 0.3119047619047619 0.4519774011299435 0.026984126984126985 0.05649717514124294
5 0.9063492063492063 0.7570621468926554 0.044444444444444446 0.0903954802259887