7 0.47109375 0.2565217391304348 0.0484375 0.10434782608695652
5 0.84140625 0.5630434782608695 0.04375 0.1492753623188406
5 0.901953125 0.6173913043478261 0.05390625 0.15942028985507245
5 0.7390625 0.41884057971014493 0.034375 0.11304347826086956
4 0.633203125 0.49130434782608695 0.09765625 0.15072463768115943
4 0.50625 0.34130434782608693 0.0515625 0.10289855072463767
7 0.519140625 0.23550724637681159 0.04609375 0.08840579710144927
4 0.083984375 0.8782608695652174 0.16796875 0.24347826086956523
5 0.782421875 0.48768115942028983 0.03046875 0.11739130434782609
5 0.92421875 0.8405797101449275 0.0703125 0.18840579710144928
0 0.2171875 0.3818840579710145 0.078125 0.18985507246376812
4 0.344140625 0.36594202898550726 0.05234375 0.10869565217391304