0 0.25873015873015875 0.23022598870056496 0.10158730158730159 0.1327683615819209
4 0.8507936507936508 0.3771186440677966 0.06666666666666667 0.07627118644067797
4 0.45714285714285713 0.3898305084745763 0.12063492063492064 0.1016949152542373
4 0.4158730158730159 0.2401129943502825 0.05396825396825397 0.062146892655367235
4 0.4253968253968254 0.17937853107344634 0.044444444444444446 0.0480225988700565
4 0.14285714285714285 0.4901129943502825 0.09523809523809523 0.1327683615819209
4 0.18571428571428572 0.5720338983050848 0.11428571428571428 0.1553672316384181
7 0.24206349206349206 0.3502824858757062 0.07777777777777778 0.096045197740113
7 0.05 0.3827683615819209 0.07777777777777778 0.11581920903954802
5 0.2777777777777778 0.5663841807909604 0.047619047619047616 0.09322033898305085
5 0.353968253968254 0.4392655367231638 0.025396825396825397 0.09322033898305085
5 0.3277777777777778 0.4279661016949153 0.03333333333333333 0.08192090395480225
5 0.7857142857142857 0.5494350282485876 0.05396825396825397 0.08192090395480225
5 0.903968253968254 0.6370056497175142 0.05238095238095238 0.09322033898305085
5 0.15079365079365079 0.3912429378531073 0.031746031746031744 0.06497175141242938
5 0.3111111111111111 0.3968926553672316 0.02857142857142857 0.08192090395480225
5 0.42936507936507934 0.2598870056497175 0.023809523809523808 0.05084745762711865