4 0.1365079365079365 0.5141242937853108 0.11428571428571428 0.14124293785310735
4 0.15079365079365079 0.6271186440677966 0.11746031746031746 0.1751412429378531
4 0.35 0.4279661016949153 0.12222222222222222 0.1271186440677966
7 0.23174603174603176 0.3629943502824859 0.07936507936507936 0.11016949152542373
4 0.15158730158730158 0.3870056497175141 0.09047619047619047 0.12429378531073447
4 0.38571428571428573 0.2754237288135593 0.06031746031746032 0.06497175141242938
4 0.39206349206349206 0.2062146892655367 0.05396825396825397 0.062146892655367235
4 0.85 0.384180790960452 0.06507936507936508 0.0903954802259887
6 0.9515873015873015 0.461864406779661 0.09682539682539683 0.16666666666666666
0 0.3238095238095238 0.1864406779661017 0.08253968253968254 0.1016949152542373
7 0.16587301587301587 0.2951977401129944 0.07777777777777778 0.11016949152542373
5 0.3007936507936508 0.9463276836158192 0.0873015873015873 0.10734463276836158
5 0.32936507936507936 0.8375706214689266 0.08095238095238096 0.11581920903954802
5 0.4111111111111111 0.8403954802259888 0.06031746031746032 0.1327683615819209
5 0.1738095238095238 0.7062146892655368 0.05238095238095238 0.11299435028248588
5 0.23095238095238096 0.6483050847457628 0.05555555555555555 0.12146892655367232
5 0.25396825396825395 0.5819209039548022 0.044444444444444446 0.1016949152542373
5 0.2714285714285714 0.5211864406779662 0.03492063492063492 0.09887005649717515
5 0.3198412698412698 0.3531073446327684 0.03650793650793651 0.07344632768361582
5 0.26825396825396824 0.2711864406779661 0.025396825396825397 0.05084745762711865
5 0.48095238095238096 0.2923728813559322 0.01904761904761905 0.06497175141242938
5 0.4388888888888889 0.2542372881355932 0.01746031746031746 0.062146892655367235
5 0.4396825396825397 0.2175141242937853 0.012698412698412698 0.05084745762711865
3 0.5023809523809524 0.2231638418079096 0.011111111111111112 0.062146892655367235
5 0.7158730158730159 0.2782485875706215 0.02857142857142857 0.05367231638418079
5 0.7373015873015873 0.3432203389830508 0.03968253968253968 0.06497175141242938
5 0.8547619047619047 0.4251412429378531 0.03650793650793651 0.059322033898305086
5 0.8134920634920635 0.4081920903954802 0.03968253968253968 0.06497175141242938
5 0.7150793650793651 0.5353107344632768 0.05555555555555555 0.09322033898305085
5 0.876984126984127 0.5790960451977402 0.049206349206349205 0.0903954802259887
5 0.5833333333333334 0.5211864406779662 0.05873015873015873 0.08757062146892655