6 0.9531746031746032 0.4463276836158192 0.09365079365079365 0.14124293785310735
4 0.915079365079365 0.5522598870056498 0.10317460317460317 0.1384180790960452
4 0.8539682539682539 0.3771186440677966 0.06666666666666667 0.08192090395480225
4 0.30873015873015874 0.442090395480226 0.10952380952380952 0.11581920903954802
4 0.273015873015873 0.3361581920903955 0.08571428571428572 0.0903954802259887
4 0.14682539682539683 0.617231638418079 0.12222222222222222 0.17231638418079095
4 0.04126984126984127 0.7090395480225988 0.08253968253968254 0.21468926553672316
7 0.3611111111111111 0.23022598870056496 0.05555555555555555 0.07627118644067797
5 0.3246031746031746 0.730225988700565 0.05873015873015873 0.11016949152542373
5 0.39206349206349206 0.617231638418079 0.047619047619047616 0.11016949152542373
5 0.5880952380952381 0.4971751412429379 0.05555555555555555 0.0903954802259887
5 0.4158730158730159 0.3870056497175141 0.031746031746031744 0.0847457627118644
5 0.3888888888888889 0.384180790960452 0.02857142857142857 0.07909604519774012
5 0.4507936507936508 0.288135593220339 0.01904761904761905 0.06779661016949153