4 0.49682539682539684 0.4519774011299435 0.07936507936507936 0.07344632768361582
5 0.46111111111111114 0.5353107344632768 0.03650793650793651 0.07062146892655367
5 0.5365079365079365 0.5932203389830508 0.044444444444444446 0.0847457627118644
5 0.5888888888888889 0.6709039548022598 0.05396825396825397 0.08757062146892655
5 0.596031746031746 0.5423728813559322 0.03650793650793651 0.07344632768361582
5 0.4849206349206349 0.5282485875706214 0.03333333333333333 0.06779661016949153
5 0.39206349206349206 0.5423728813559322 0.0380952380952381 0.07344632768361582
4 0.41984126984126985 0.4463276836158192 0.07142857142857142 0.096045197740113
0 0.49682539682539684 0.3531073446327684 0.09841269841269841 0.0903954802259887
4 0.2619047619047619 0.4011299435028249 0.025396825396825397 0.05084745762711865
6 0.2650793650793651 0.3333333333333333 0.044444444444444446 0.06779661016949153
3 0.20952380952380953 0.7951977401129944 0.050793650793650794 0.11016949152542373
5 0.046825396825396826 0.7528248587570622 0.03650793650793651 0.09887005649717515
5 0.07777777777777778 0.9152542372881356 0.06031746031746032 0.10734463276836158
5 0.2492063492063492 0.9533898305084746 0.06349206349206349 0.09322033898305085
5 0.25396825396825395 0.4774011299435028 0.015873015873015872 0.05649717514124294
5 0.3111111111111111 0.480225988700565 0.02857142857142857 0.06779661016949153
5 0.35793650793650794 0.4590395480225989 0.023809523809523808 0.059322033898305086
5 0.32142857142857145 0.4519774011299435 0.026984126984126985 0.07344632768361582
5 0.373015873015873 0.4858757062146893 0.025396825396825397 0.06779661016949153
5 0.37936507936507935 0.4011299435028249 0.025396825396825397 0.04519774011299435
5 0.3468253968253968 0.4053672316384181 0.026984126984126985 0.0480225988700565
5 0.30396825396825394 0.4081920903954802 0.023809523809523808 0.0423728813559322
5 0.3357142857142857 0.3531073446327684 0.020634920634920634 0.03954802259887006
5 0.3111111111111111 0.3742937853107345 0.01904761904761905 0.0423728813559322
5 0.23174603174603176 0.4265536723163842 0.012698412698412698 0.05084745762711865
5 0.24285714285714285 0.4152542372881356 0.009523809523809525 0.04519774011299435
5 0.44206349206349205 0.4011299435028249 0.023809523809523808 0.04519774011299435
5 0.5484126984126985 0.5353107344632768 0.04285714285714286 0.07627118644067797
5 0.5611111111111111 0.4731638418079096 0.03650793650793651 0.059322033898305086
5 0.5777777777777777 0.4519774011299435 0.025396825396825397 0.062146892655367235
5 0.653968253968254 0.4110169491525424 0.025396825396825397 0.0423728813559322
5 0.6158730158730159 0.4378531073446328 0.02857142857142857 0.05084745762711865
5 0.5674603174603174 0.384180790960452 0.01746031746031746 0.04519774011299435
5 0.5928571428571429 0.3742937853107345 0.020634920634920634 0.0423728813559322
5 0.6420634920634921 0.6412429378531074 0.04285714285714286 0.0903954802259887
5 0.7317460317460317 0.6751412429378532 0.050793650793650794 0.0903954802259887
5 0.765079365079365 0.655367231638418 0.0380952380952381 0.0847457627118644
5 0.8047619047619048 0.6271186440677966 0.044444444444444446 0.07344632768361582
5 0.8420634920634921 0.6709039548022598 0.046031746031746035 0.08757062146892655
5 0.888095238095238 0.7062146892655368 0.04285714285714286 0.0903954802259887
5 0.9404761904761905 0.7711864406779662 0.046031746031746035 0.0847457627118644
5 0.9722222222222222 0.6709039548022598 0.03968253968253968 0.07062146892655367
5 0.9317460317460318 0.6779661016949152 0.0380952380952381 0.07344632768361582
5 0.9777777777777777 0.7161016949152542 0.0380952380952381 0.07627118644067797
4 0.707936507936508 0.5310734463276836 0.08888888888888889 0.096045197740113
4 0.707936507936508 0.4632768361581921 0.08253968253968254 0.05649717514124294
5 0.7063492063492064 0.5988700564971752 0.044444444444444446 0.0847457627118644
5 0.6611111111111111 0.6101694915254238 0.03650793650793651 0.07909604519774012
4 0.9214285714285714 0.5649717514124294 0.08412698412698413 0.0847457627118644
5 0.8095238095238095 0.4929378531073446 0.031746031746031744 0.0480225988700565
5 0.11904761904761904 0.4943502824858757 0.022222222222222223 0.05649717514124294