5 0.3968253968253968 0.8290960451977402 0.05396825396825397 0.11016949152542373
5 0.5468253968253968 0.7019774011299436 0.05555555555555555 0.08757062146892655
5 0.35079365079365077 0.617231638418079 0.02857142857142857 0.08757062146892655
5 0.7928571428571428 0.7443502824858758 0.05555555555555555 0.09887005649717515
5 0.8404761904761905 0.7203389830508474 0.049206349206349205 0.0903954802259887
5 0.046825396825396826 0.7542372881355932 0.03650793650793651 0.0903954802259887
4 0.5126984126984127 0.4872881355932203 0.10158730158730159 0.09322033898305085
4 0.49603174603174605 0.384180790960452 0.06190476190476191 0.05649717514124294
4 0.4579365079365079 0.4491525423728814 0.05238095238095238 0.05649717514124294
4 0.6658730158730158 0.4519774011299435 0.06190476190476191 0.06779661016949153
4 0.703968253968254 0.556497175141243 0.06825396825396825 0.11299435028248588
4 0.7849206349206349 0.5 0.06507936507936508 0.07344632768361582
6 0.3111111111111111 0.3432203389830508 0.05714285714285714 0.06497175141242938