4 0.5190476190476191 0.3983050847457627 0.06666666666666667 0.062146892655367235
5 0.36984126984126986 0.768361581920904 0.0380952380952381 0.12994350282485875
5 0.4666666666666667 0.7612994350282486 0.047619047619047616 0.11016949152542373
5 0.5880952380952381 0.692090395480226 0.05238095238095238 0.07909604519774012
5 0.4007936507936508 0.5211864406779662 0.03650793650793651 0.07627118644067797
5 0.3611111111111111 0.538135593220339 0.03650793650793651 0.07627118644067797
5 0.3380952380952381 0.4872881355932203 0.0380952380952381 0.06497175141242938
5 0.2873015873015873 0.4392655367231638 0.025396825396825397 0.059322033898305086
5 0.22301587301587303 0.4449152542372881 0.05238095238095238 0.06497175141242938
5 0.22063492063492063 0.4774011299435028 0.02857142857142857 0.05649717514124294
3 0.20952380952380953 0.7980225988700564 0.050793650793650794 0.11016949152542373
5 0.07539682539682539 0.9110169491525424 0.05873015873015873 0.09887005649717515
5 0.046825396825396826 0.7542372881355932 0.03650793650793651 0.0903954802259887
5 0.023015873015873017 0.7443502824858758 0.03015873015873016 0.09887005649717515
5 0.2563492063492063 0.943502824858757 0.06190476190476191 0.11299435028248588
5 0.5047619047619047 0.5988700564971752 0.047619047619047616 0.0847457627118644
5 0.5944444444444444 0.6271186440677966 0.046031746031746035 0.07909604519774012
5 0.515079365079365 0.5649717514124294 0.03968253968253968 0.07344632768361582
5 0.5198412698412699 0.5282485875706214 0.03968253968253968 0.06779661016949153
5 0.669047619047619 0.6892655367231638 0.05555555555555555 0.0903954802259887
4 0.5714285714285714 0.5042372881355932 0.09841269841269841 0.10451977401129943
4 0.6198412698412699 0.4322033898305085 0.06190476190476191 0.05649717514124294
4 0.7007936507936507 0.5748587570621468 0.05873015873015873 0.1327683615819209
5 0.765079365079365 0.6793785310734464 0.050793650793650794 0.08192090395480225
5 0.823015873015873 0.7259887005649718 0.05238095238095238 0.0903954802259887
5 0.7738095238095238 0.7443502824858758 0.05555555555555555 0.08757062146892655
5 0.7849206349206349 0.5932203389830508 0.03968253968253968 0.0847457627118644
5 0.8388888888888889 0.5663841807909604 0.03650793650793651 0.06497175141242938
5 0.807936507936508 0.5141242937853108 0.02857142857142857 0.05649717514124294
5 0.8380952380952381 0.5 0.02857142857142857 0.05084745762711865
5 0.515079365079365 0.4491525423728814 0.020634920634920634 0.05649717514124294
4 0.40793650793650793 0.4562146892655367 0.08253968253968254 0.06497175141242938
6 0.35555555555555557 0.3573446327683616 0.06984126984126984 0.08192090395480225
4 0.4087301587301587 0.3573446327683616 0.046031746031746035 0.0423728813559322
4 0.2849206349206349 0.3629943502824859 0.03333333333333333 0.03672316384180791
0 0.3198412698412698 0.3093220338983051 0.05238095238095238 0.05367231638418079
5 0.09285714285714286 0.5621468926553672 0.03015873015873016 0.05649717514124294