0 0.39206349206349206 0.134180790960452 0.06666666666666667 0.07627118644067797
6 0.9698412698412698 0.4562146892655367 0.06031746031746032 0.11581920903954802
4 0.09285714285714286 0.7033898305084746 0.11587301587301588 0.1864406779661017
4 0.05793650793650794 0.6271186440677966 0.11587301587301588 0.1694915254237288
4 0.2698412698412698 0.4774011299435028 0.10158730158730159 0.13559322033898305
4 0.22698412698412698 0.2951977401129944 0.06349206349206349 0.07627118644067797
4 0.3388888888888889 0.3234463276836158 0.07777777777777778 0.08192090395480225
4 0.35 0.2401129943502825 0.06190476190476191 0.062146892655367235
7 0.30317460317460315 0.192090395480226 0.06349206349206349 0.07344632768361582
4 0.29603174603174603 0.24717514124293785 0.05873015873015873 0.07627118644067797
4 0.9023809523809524 0.5211864406779662 0.10634920634920635 0.1327683615819209
4 0.8507936507936508 0.3813559322033898 0.06666666666666667 0.07909604519774012
7 0.21031746031746032 0.384180790960452 0.08095238095238096 0.10734463276836158
5 0.42142857142857143 0.5988700564971752 0.049206349206349205 0.1016949152542373
5 0.553968253968254 0.5141242937853108 0.05396825396825397 0.096045197740113
5 0.5015873015873016 0.3771186440677966 0.031746031746031744 0.08192090395480225
5 0.403968253968254 0.3121468926553672 0.01746031746031746 0.07062146892655367