6 0.29444444444444445 0.3389830508474576 0.049206349206349205 0.05649717514124294
0 0.4087301587301587 0.326271186440678 0.07777777777777778 0.06497175141242938
4 0.476984126984127 0.4731638418079096 0.09365079365079365 0.09322033898305085
4 0.5587301587301587 0.4081920903954802 0.06984126984126984 0.06497175141242938
4 0.7015873015873015 0.5494350282485876 0.07936507936507936 0.10451977401129943
4 0.7380952380952381 0.4901129943502825 0.08253968253968254 0.08192090395480225
4 0.8849206349206349 0.5451977401129944 0.06507936507936508 0.07909604519774012
5 0.45 0.7669491525423728 0.049206349206349205 0.11016949152542373
5 0.7857142857142857 0.6370056497175142 0.047619047619047616 0.07062146892655367
5 0.7253968253968254 0.6581920903954802 0.05396825396825397 0.096045197740113
5 0.31587301587301586 0.5522598870056498 0.02857142857142857 0.07627118644067797
5 0.24523809523809523 0.5833333333333334 0.03968253968253968 0.07627118644067797
5 0.046031746031746035 0.751412429378531 0.0380952380952381 0.096045197740113