5 0.629296875 0.3130434782608696 0.02265625 0.08405797101449275
5 0.683203125 0.34855072463768116 0.02578125 0.08550724637681159
4 0.944140625 0.6971014492753623 0.10859375 0.25217391304347825
4 0.24140625 0.7557971014492754 0.128125 0.27391304347826084
4 0.23828125 0.5521739130434783 0.0765625 0.13333333333333333
4 0.300390625 0.3471014492753623 0.04765625 0.08840579710144927
5 0.058203125 0.6144927536231884 0.04140625 0.13043478260869565
5 0.12421875 0.5565217391304348 0.03125 0.10144927536231885
5 0.16953125 0.4492753623188406 0.021875 0.08115942028985507
5 0.0171875 0.731159420289855 0.034375 0.1492753623188406
5 0.205078125 0.4528985507246377 0.02734375 0.08840579710144927