4 0.304296875 0.6 0.08046875 0.15942028985507245
4 0.753125 0.5289855072463768 0.078125 0.13043478260869565
5 0.78125 0.6855072463768116 0.0453125 0.1681159420289855
5 0.8890625 0.8101449275362319 0.078125 0.2028985507246377
5 0.609375 0.3992753623188406 0.028125 0.08260869565217391
5 0.7203125 0.3818840579710145 0.03125 0.1
5 0.618359375 0.6108695652173913 0.03984375 0.1463768115942029
5 0.68046875 0.5471014492753623 0.0296875 0.12318840579710146
5 0.08515625 0.6181159420289855 0.0375 0.10869565217391304
5 0.16015625 0.5014492753623189 0.025 0.09855072463768116
5 0.197265625 0.49927536231884057 0.03046875 0.10289855072463767
4 0.29296875 0.40217391304347827 0.0578125 0.09420289855072464
7 0.36015625 0.31231884057971016 0.0421875 0.10869565217391304
5 0.034375 0.7355072463768116 0.0421875 0.1492753623188406