4 0.483203125 0.25579710144927537 0.04296875 0.08840579710144927
5 0.7234375 0.3978260869565217 0.028125 0.10289855072463767
5 0.715234375 0.3463768115942029 0.03046875 0.10144927536231885
1 0.16171875 0.7217391304347827 0.3234375 0.5565217391304348
4 0.3421875 0.4420289855072464 0.0546875 0.11014492753623188
4 0.7671875 0.6130434782608696 0.0984375 0.17971014492753623
5 0.612109375 0.4318840579710145 0.02578125 0.0927536231884058
5 0.8234375 0.8869565217391304 0.0609375 0.21739130434782608
5 0.887109375 0.8789855072463768 0.06328125 0.23043478260869565
5 0.64453125 0.5478260869565217 0.0296875 0.12753623188405797
5 0.780078125 0.4608695652173913 0.03203125 0.10434782608695652