5 0.4375 0.7701388888888889 0.1453125 0.4597222222222222
5 0.27890625 0.36736111111111114 0.040625 0.1736111111111111
5 0.699609375 0.5875 0.11015625 0.2833333333333333
5 0.1953125 0.38472222222222224 0.0390625 0.18055555555555555
5 0.94296875 0.7798611111111111 0.1140625 0.44027777777777777
5 0.8203125 0.6215277777777778 0.134375 0.2763888888888889
5 0.619921875 0.48819444444444443 0.06796875 0.23194444444444445
5 0.522265625 0.41875 0.06015625 0.2013888888888889
5 0.46953125 0.3784722222222222 0.04375 0.1736111111111111
5 0.4953125 0.3229166666666667 0.0359375 0.13472222222222222
5 0.402734375 0.3145833333333333 0.03515625 0.1375
5 0.378515625 0.275 0.02421875 0.11944444444444445
5 0.348828125 0.2388888888888889 0.02421875 0.09722222222222222
5 0.37734375 0.2222222222222222 0.021875 0.06111111111111111
5 0.298828125 0.24444444444444444 0.02421875 0.09166666666666666
3 0.211328125 0.1326388888888889 0.02734375 0.08472222222222223
5 0.2859375 0.18819444444444444 0.015625 0.06805555555555555
4 0.325390625 0.16666666666666666 0.03515625 0.05277777777777778