4 0.5111111111111111 0.3912429378531073 0.11746031746031746 0.09322033898305085
4 0.3484126984126984 0.1370056497175141 0.049206349206349205 0.0423728813559322
7 0.43253968253968256 0.2231638418079096 0.05873015873015873 0.062146892655367235
0 0.23174603174603176 0.2514124293785311 0.11428571428571428 0.15254237288135594
7 0.25396825396825395 0.3361581920903955 0.07301587301587302 0.096045197740113
4 0.1484126984126984 0.4872881355932203 0.1 0.1384180790960452
4 0.2007936507936508 0.5508474576271186 0.1126984126984127 0.1638418079096045
4 0.0626984126984127 0.7429378531073446 0.1253968253968254 0.1807909604519774
6 0.9515873015873015 0.4590395480225989 0.09682539682539683 0.16666666666666666
4 0.85 0.3813559322033898 0.06507936507936508 0.07909604519774012
4 0.4388888888888889 0.1694915254237288 0.04285714285714286 0.05084745762711865
4 0.40793650793650793 0.12429378531073447 0.0380952380952381 0.03389830508474576
5 0.3277777777777778 0.8319209039548022 0.08412698412698413 0.11581920903954802
5 0.4087301587301587 0.8361581920903954 0.05873015873015873 0.13559322033898305
5 0.3007936507936508 0.9463276836158192 0.08095238095238096 0.10734463276836158
5 0.20793650793650795 0.9590395480225988 0.06349206349206349 0.07627118644067797
5 0.18492063492063493 0.7245762711864406 0.05238095238095238 0.11581920903954802
5 0.24841269841269842 0.5889830508474576 0.046031746031746035 0.10451977401129943
5 0.28809523809523807 0.5042372881355932 0.03650793650793651 0.10451977401129943
5 0.3611111111111111 0.4491525423728814 0.03968253968253968 0.0903954802259887
5 0.1007936507936508 0.4322033898305085 0.03333333333333333 0.062146892655367235
5 0.07698412698412699 0.4378531073446328 0.023809523809523808 0.06779661016949153
5 0.173015873015873 0.384180790960452 0.031746031746031744 0.07344632768361582
5 0.33095238095238094 0.3248587570621469 0.023809523809523808 0.06779661016949153
5 0.3523809523809524 0.3432203389830508 0.031746031746031744 0.08192090395480225
5 0.376984126984127 0.3912429378531073 0.03015873015873016 0.07627118644067797
5 0.35634920634920636 0.3813559322033898 0.023809523809523808 0.07344632768361582
5 0.4579365079365079 0.23022598870056496 0.01746031746031746 0.05367231638418079
5 0.8698412698412699 0.5861581920903954 0.050793650793650794 0.08757062146892655
5 0.7388888888888889 0.3432203389830508 0.03650793650793651 0.06497175141242938
5 0.7158730158730159 0.2782485875706215 0.02857142857142857 0.05367231638418079