5 0.4142857142857143 0.384180790960452 0.031746031746031744 0.0903954802259887
4 0.5825396825396826 0.3954802259887006 0.11428571428571428 0.1016949152542373
5 0.36507936507936506 0.4491525423728814 0.0380952380952381 0.096045197740113
4 0.15793650793650793 0.480225988700565 0.10317460317460317 0.14124293785310735
4 0.07698412698412699 0.7443502824858758 0.1380952380952381 0.2344632768361582
0 0.19047619047619047 0.2923728813559322 0.12380952380952381 0.17796610169491525
7 0.276984126984127 0.3192090395480226 0.07142857142857142 0.10734463276836158
6 0.953968253968254 0.4562146892655367 0.08888888888888889 0.16666666666666666
4 0.85 0.3771186440677966 0.06507936507936508 0.07627118644067797
4 0.44206349206349205 0.20903954802259886 0.046031746031746035 0.05649717514124294
4 0.45476190476190476 0.1553672316384181 0.03650793650793651 0.04519774011299435
7 0.3238095238095238 0.13983050847457626 0.044444444444444446 0.03672316384180791
4 0.38492063492063494 0.1271186440677966 0.04285714285714286 0.03954802259887006
4 0.22380952380952382 0.5282485875706214 0.11428571428571428 0.14689265536723164
5 0.25476190476190474 0.5451977401129944 0.04285714285714286 0.1016949152542373
5 0.18253968253968253 0.692090395480226 0.044444444444444446 0.11299435028248588
5 0.3007936507936508 0.9463276836158192 0.0873015873015873 0.10734463276836158
5 0.4111111111111111 0.8361581920903954 0.05714285714285714 0.12994350282485875
5 0.33095238095238094 0.8319209039548022 0.0746031746031746 0.11581920903954802
5 0.28095238095238095 0.8149717514124294 0.05714285714285714 0.12146892655367232
3 0.07777777777777778 0.8333333333333334 0.05396825396825397 0.12429378531073447
5 0.7357142857142858 0.3432203389830508 0.03650793650793651 0.06497175141242938
5 0.8150793650793651 0.4011299435028249 0.03650793650793651 0.05649717514124294
5 0.8738095238095238 0.442090395480226 0.03650793650793651 0.07062146892655367
5 0.7158730158730159 0.2754237288135593 0.02857142857142857 0.05367231638418079
5 0.09285714285714286 0.4279661016949153 0.03333333333333333 0.07062146892655367
5 0.1380952380952381 0.4124293785310734 0.031746031746031744 0.06779661016949153
5 0.03492063492063492 0.5070621468926554 0.02857142857142857 0.06497175141242938