6 0.953968253968254 0.4562146892655367 0.08888888888888889 0.1553672316384181
4 0.8507936507936508 0.3813559322033898 0.06666666666666667 0.0847457627118644
4 0.12698412698412698 0.655367231638418 0.11746031746031746 0.1864406779661017
4 0.10476190476190476 0.557909604519774 0.11428571428571428 0.16666666666666666
4 0.10873015873015873 0.4251412429378531 0.07777777777777778 0.11016949152542373
4 0.30634920634920637 0.4491525423728814 0.11428571428571428 0.13559322033898305
7 0.22698412698412698 0.24717514124293785 0.0761904761904762 0.10451977401129943
7 0.22698412698412698 0.3700564971751412 0.0761904761904762 0.10734463276836158
4 0.36587301587301585 0.2951977401129944 0.06825396825396825 0.07627118644067797
4 0.3738095238095238 0.2231638418079096 0.05873015873015873 0.062146892655367235
0 0.353968253968254 0.15819209039548024 0.0761904761904762 0.0903954802259887
4 0.22380952380952382 0.3121468926553672 0.06031746031746032 0.07627118644067797
5 0.06507936507936508 0.8601694915254238 0.06031746031746032 0.09887005649717515
5 0.12777777777777777 0.788135593220339 0.05555555555555555 0.11299435028248588
5 0.30158730158730157 0.9491525423728814 0.08571428571428572 0.1016949152542373
5 0.33095238095238094 0.8361581920903954 0.07142857142857142 0.12429378531073447
5 0.4103174603174603 0.8361581920903954 0.06190476190476191 0.13559322033898305
5 0.18492063492063493 0.713276836158192 0.05238095238095238 0.11016949152542373
5 0.21904761904761905 0.6313559322033898 0.044444444444444446 0.10451977401129943
5 0.27380952380952384 0.5790960451977402 0.04285714285714286 0.1016949152542373
5 0.46904761904761905 0.5833333333333334 0.05238095238095238 0.09887005649717515
5 0.5817460317460318 0.5042372881355932 0.05555555555555555 0.08192090395480225
5 0.43333333333333335 0.3601694915254237 0.025396825396825397 0.08757062146892655
5 0.4658730158730159 0.3022598870056497 0.01746031746031746 0.07344632768361582
5 0.4150793650793651 0.2641242937853107 0.014285714285714285 0.059322033898305086
5 0.5357142857142857 0.2782485875706215 0.01746031746031746 0.06497175141242938
5 0.553968253968254 0.2853107344632768 0.015873015873015872 0.06779661016949153
3 0.4849206349206349 0.2570621468926554 0.014285714285714285 0.062146892655367235
5 0.44126984126984126 0.24293785310734464 0.015873015873015872 0.05649717514124294
5 0.7373015873015873 0.3432203389830508 0.03333333333333333 0.059322033898305086
5 0.8539682539682539 0.4251412429378531 0.0380952380952381 0.06497175141242938
5 0.7150793650793651 0.2782485875706215 0.03015873015873016 0.05367231638418079
5 0.734920634920635 0.5141242937853108 0.050793650793650794 0.0903954802259887
5 0.9595238095238096 0.501412429378531 0.03968253968253968 0.06497175141242938
5 0.8119047619047619 0.4053672316384181 0.03650793650793651 0.06497175141242938
5 0.7658730158730159 0.3700564971751412 0.03968253968253968 0.06779661016949153
5 0.2984126984126984 0.2853107344632768 0.03492063492063492 0.05649717514124294
5 0.32301587301587303 0.2344632768361582 0.03015873015873016 0.05084745762711865