4 0.6198412698412699 0.5141242937853108 0.10317460317460317 0.10734463276836158
4 0.24603174603174602 0.4110169491525424 0.02857142857142857 0.059322033898305086
4 0.3468253968253968 0.3912429378531073 0.04285714285714286 0.0480225988700565
4 0.5666666666666667 0.3785310734463277 0.047619047619047616 0.05084745762711865
4 0.7619047619047619 0.6440677966101694 0.10793650793650794 0.1638418079096045
4 0.11507936507936507 0.5988700564971752 0.0873015873015873 0.11299435028248588
4 0.05 0.5932203389830508 0.06825396825396825 0.1016949152542373
6 0.9007936507936508 0.5451977401129944 0.10634920634920635 0.14124293785310735
6 0.42698412698412697 0.384180790960452 0.08253968253968254 0.10734463276836158
0 0.2968253968253968 0.3319209039548023 0.07936507936507936 0.07062146892655367
0 0.22857142857142856 0.3531073446327684 0.050793650793650794 0.07909604519774012
3 0.20238095238095238 0.807909604519774 0.05238095238095238 0.11299435028248588
5 0.07698412698412699 0.9152542372881356 0.05873015873015873 0.10734463276836158
5 0.25555555555555554 0.942090395480226 0.06031746031746032 0.11016949152542373
5 0.05476190476190476 0.7768361581920904 0.046031746031746035 0.1016949152542373
5 0.023809523809523808 0.7443502824858758 0.025396825396825397 0.09887005649717515
5 0.39285714285714285 0.8799435028248588 0.046031746031746035 0.12146892655367232
5 0.4388888888888889 0.7853107344632768 0.049206349206349205 0.12429378531073447
5 0.5087301587301587 0.6991525423728814 0.05238095238095238 0.09322033898305085
5 0.6325396825396825 0.6850282485875706 0.05873015873015873 0.08192090395480225
5 0.5587301587301587 0.5861581920903954 0.044444444444444446 0.08757062146892655
5 0.6873015873015873 0.6581920903954802 0.044444444444444446 0.0847457627118644
5 0.7238095238095238 0.7231638418079096 0.05396825396825397 0.0903954802259887
5 0.8 0.7471751412429378 0.05396825396825397 0.10451977401129943
5 0.8960317460317461 0.655367231638418 0.04285714285714286 0.07909604519774012
5 0.7103174603174603 0.5254237288135594 0.03968253968253968 0.062146892655367235
5 0.623015873015873 0.5861581920903954 0.03968253968253968 0.07062146892655367
5 0.6111111111111112 0.4053672316384181 0.025396825396825397 0.0480225988700565
5 0.665079365079365 0.4322033898305085 0.02857142857142857 0.05084745762711865
5 0.680952380952381 0.4152542372881356 0.025396825396825397 0.04519774011299435
5 0.4753968253968254 0.5211864406779662 0.026984126984126985 0.07627118644067797
5 0.55 0.4971751412429379 0.020634920634920634 0.06779661016949153
5 0.3888888888888889 0.5141242937853108 0.031746031746031744 0.07344632768361582
5 0.403968253968254 0.5 0.03968253968253968 0.07344632768361582
5 0.44603174603174606 0.4491525423728814 0.03492063492063492 0.05084745762711865
5 0.5214285714285715 0.5211864406779662 0.03015873015873016 0.07627118644067797
5 0.5388888888888889 0.4661016949152542 0.03015873015873016 0.05649717514124294
5 0.4888888888888889 0.4632768361581921 0.0380952380952381 0.05084745762711865
5 0.35793650793650794 0.422316384180791 0.020634920634920634 0.0423728813559322
5 0.39444444444444443 0.4449152542372881 0.03333333333333333 0.05367231638418079
5 0.30396825396825394 0.4901129943502825 0.026984126984126985 0.06497175141242938
5 0.276984126984127 0.4519774011299435 0.026984126984126985 0.05649717514124294
5 0.22142857142857142 0.4378531073446328 0.011111111111111112 0.05084745762711865
5 0.11507936507936507 0.4830508474576271 0.023809523809523808 0.04519774011299435
5 0.19444444444444445 0.442090395480226 0.011111111111111112 0.0423728813559322
5 0.20793650793650795 0.4364406779661017 0.012698412698412698 0.0480225988700565
5 0.11904761904761904 0.5240112994350282 0.031746031746031744 0.05367231638418079
5 0.542063492063492 0.384180790960452 0.023809523809523808 0.04519774011299435