4 0.5380952380952381 0.3912429378531073 0.12063492063492064 0.09887005649717515
4 0.37857142857142856 0.4251412429378531 0.03333333333333333 0.08757062146892655
4 0.43174603174603177 0.2231638418079096 0.047619047619047616 0.05649717514124294
4 0.44603174603174606 0.16101694915254236 0.04126984126984127 0.05084745762711865
7 0.3388888888888889 0.14124293785310735 0.046031746031746035 0.04519774011299435
4 0.3984126984126984 0.1271186440677966 0.0380952380952381 0.03389830508474576
7 0.2611111111111111 0.3305084745762712 0.0746031746031746 0.1016949152542373
4 0.15079365079365079 0.4872881355932203 0.10158730158730159 0.1497175141242938
4 0.20873015873015874 0.538135593220339 0.1126984126984127 0.1553672316384181
7 0.03253968253968254 0.6440677966101694 0.06507936507936508 0.1977401129943503
4 0.06984126984126984 0.7401129943502824 0.13968253968253969 0.2033898305084746
5 0.1984126984126984 0.7019774011299436 0.050793650793650794 0.10451977401129943
5 0.22936507936507936 0.9293785310734464 0.06190476190476191 0.14124293785310735
5 0.30158730158730157 0.9463276836158192 0.08571428571428572 0.10734463276836158
5 0.32936507936507936 0.8290960451977402 0.07777777777777778 0.11016949152542373
5 0.4119047619047619 0.8361581920903954 0.05873015873015873 0.12994350282485875
5 0.07936507936507936 0.4604519774011299 0.03492063492063492 0.06779661016949153
5 0.050793650793650794 0.4731638418079096 0.02857142857142857 0.07062146892655367
5 0.13174603174603175 0.3870056497175141 0.02857142857142857 0.062146892655367235
5 0.35 0.2980225988700565 0.020634920634920634 0.06497175141242938
5 0.36984126984126986 0.3121468926553672 0.025396825396825397 0.059322033898305086
5 0.46746031746031746 0.2189265536723164 0.014285714285714285 0.05367231638418079
6 0.953968253968254 0.4562146892655367 0.09206349206349207 0.1553672316384181
5 0.903968253968254 0.6031073446327684 0.05238095238095238 0.08192090395480225
4 0.8507936507936508 0.3813559322033898 0.06666666666666667 0.0847457627118644
5 0.7158730158730159 0.2711864406779661 0.02857142857142857 0.05084745762711865
5 0.7388888888888889 0.3432203389830508 0.03650793650793651 0.059322033898305086