5 0.637109375 0.4369565217391304 0.02421875 0.11159420289855072
4 0.25234375 0.8 0.1453125 0.26956521739130435
4 0.75 0.4855072463768116 0.0625 0.13043478260869565
5 0.905078125 0.7768115942028986 0.06484375 0.19130434782608696
5 0.704296875 0.6478260869565218 0.05078125 0.15942028985507245
5 0.807421875 0.6898550724637681 0.05390625 0.17681159420289855
5 0.851171875 0.6528985507246376 0.04765625 0.16666666666666666
5 0.58125 0.45 0.03125 0.12318840579710146
4 0.268359375 0.47608695652173916 0.07109375 0.14347826086956522
5 0.15 0.6021739130434782 0.0390625 0.13478260869565217
7 0.351171875 0.3536231884057971 0.05546875 0.13623188405797101
5 0.1203125 0.5695652173913044 0.0265625 0.12173913043478261
5 0.185546875 0.48405797101449277 0.02265625 0.08985507246376812
5 0.208203125 0.43043478260869567 0.02265625 0.07536231884057971
5 0.162109375 0.427536231884058 0.01640625 0.0782608695652174