0 0.5547619047619048 0.3672316384180791 0.1126984126984127 0.1016949152542373
5 0.046031746031746035 0.75 0.0380952380952381 0.09322033898305085
5 0.30793650793650795 0.4929378531073446 0.022222222222222223 0.06497175141242938
5 0.4523809523809524 0.5451977401129944 0.0380952380952381 0.07909604519774012
5 0.5277777777777778 0.5861581920903954 0.04285714285714286 0.08757062146892655
5 0.5642857142857143 0.559322033898305 0.03968253968253968 0.07344632768361582
5 0.6039682539682539 0.4731638418079096 0.03650793650793651 0.05367231638418079
5 0.7158730158730159 0.7231638418079096 0.050793650793650794 0.0903954802259887
5 0.7833333333333333 0.71045197740113 0.049206349206349205 0.08757062146892655
5 0.6777777777777778 0.576271186440678 0.044444444444444446 0.06779661016949153
4 0.3968253968253968 0.4322033898305085 0.06666666666666667 0.0847457627118644
4 0.5015873015873016 0.4604519774011299 0.08571428571428572 0.06779661016949153
4 0.7119047619047619 0.5310734463276836 0.0873015873015873 0.0903954802259887
4 0.7849206349206349 0.5070621468926554 0.08095238095238096 0.07627118644067797