0 0.28888888888888886 0.2062146892655367 0.09523809523809523 0.12429378531073447
6 0.9515873015873015 0.4491525423728814 0.09682539682539683 0.14124293785310735
4 0.8507936507936508 0.3813559322033898 0.06666666666666667 0.07909604519774012
4 0.40476190476190477 0.4011299435028249 0.11746031746031746 0.1016949152542373
4 0.403968253968254 0.2542372881355932 0.05873015873015873 0.062146892655367235
4 0.4103174603174603 0.18785310734463276 0.049206349206349205 0.05367231638418079
4 0.06428571428571428 0.4929378531073446 0.09047619047619047 0.1497175141242938
4 0.14444444444444443 0.4943502824858757 0.10793650793650794 0.13559322033898305
4 0.15793650793650793 0.597457627118644 0.09682539682539683 0.1497175141242938
7 0.23492063492063492 0.3601694915254237 0.07936507936507936 0.11016949152542373
5 0.834920634920635 0.596045197740113 0.05396825396825397 0.0903954802259887
5 0.7055555555555556 0.5141242937853108 0.05873015873015873 0.062146892655367235
5 0.3888888888888889 0.2980225988700565 0.031746031746031744 0.059322033898305086
5 0.33095238095238094 0.4759887005649718 0.03333333333333333 0.09322033898305085