0 0.6428571428571429 0.3192090395480226 0.1873015873015873 0.2033898305084746
4 0.18095238095238095 0.5790960451977402 0.12380952380952381 0.15819209039548024
4 0.2111111111111111 0.3983050847457627 0.08253968253968254 0.1016949152542373
4 0.28253968253968254 0.3728813559322034 0.07936507936507936 0.096045197740113
4 0.3103174603174603 0.2853107344632768 0.06190476190476191 0.062146892655367235
4 0.4857142857142857 0.2641242937853107 0.08253968253968254 0.07627118644067797
4 0.39126984126984127 0.1553672316384181 0.03968253968253968 0.03954802259887006
4 0.8484126984126984 0.3771186440677966 0.07142857142857142 0.07627118644067797
4 0.9619047619047619 0.4350282485875706 0.0761904761904762 0.0903954802259887
7 0.05634920634920635 0.5861581920903954 0.1 0.1497175141242938
6 0.34206349206349207 0.19915254237288135 0.06190476190476191 0.09322033898305085
5 0.41904761904761906 0.4435028248587571 0.044444444444444446 0.0847457627118644
5 0.5 0.4251412429378531 0.031746031746031744 0.08757062146892655
5 0.530952380952381 0.384180790960452 0.023809523809523808 0.0903954802259887
5 0.5650793650793651 0.384180790960452 0.022222222222222223 0.0903954802259887
5 0.273015873015873 0.5042372881355932 0.044444444444444446 0.09322033898305085
5 0.25873015873015875 0.5861581920903954 0.044444444444444446 0.09887005649717515
5 0.35 0.4138418079096045 0.03333333333333333 0.08192090395480225
3 0.173015873015873 0.6991525423728814 0.047619047619047616 0.11016949152542373
5 0.6880952380952381 0.5353107344632768 0.05873015873015873 0.09322033898305085