4 0.5023809523809524 0.2810734463276836 0.026984126984126985 0.031073446327683617
4 0.7817460317460317 0.5084745762711864 0.09047619047619047 0.0847457627118644
4 0.46190476190476193 0.4689265536723164 0.08253968253968254 0.096045197740113
4 0.7063492063492064 0.5423728813559322 0.07936507936507936 0.1016949152542373
4 0.5928571428571429 0.422316384180791 0.0746031746031746 0.059322033898305086
4 0.503968253968254 0.4491525423728814 0.06507936507936508 0.05649717514124294
0 0.42698412698412697 0.3333333333333333 0.07936507936507936 0.07344632768361582
4 0.9317460317460318 0.5621468926553672 0.06349206349206349 0.07344632768361582
4 0.3619047619047619 0.617231638418079 0.006349206349206349 0.002824858757062147
5 0.046031746031746035 0.7542372881355932 0.03492063492063492 0.096045197740113
3 0.20952380952380953 0.7923728813559322 0.044444444444444446 0.11016949152542373
5 0.07698412698412699 0.9152542372881356 0.05873015873015873 0.10734463276836158
5 0.25793650793650796 0.9350282485875706 0.05873015873015873 0.096045197740113
5 0.40634920634920635 0.8121468926553672 0.05396825396825397 0.11581920903954802
5 0.523015873015873 0.5833333333333334 0.03968253968253968 0.08192090395480225
5 0.5380952380952381 0.5522598870056498 0.031746031746031744 0.07627118644067797
5 0.5920634920634921 0.4590395480225989 0.031746031746031744 0.05367231638418079
5 0.6523809523809524 0.480225988700565 0.03492063492063492 0.05649717514124294
5 0.5761904761904761 0.634180790960452 0.047619047619047616 0.09322033898305085
5 0.676984126984127 0.6370056497175142 0.046031746031746035 0.08192090395480225
5 0.7317460317460317 0.6101694915254238 0.044444444444444446 0.06779661016949153
5 0.734920634920635 0.6991525423728814 0.05396825396825397 0.09887005649717515
5 0.3 0.5310734463276836 0.025396825396825397 0.07344632768361582
5 0.31587301587301586 0.6073446327683616 0.044444444444444446 0.07909604519774012
4 0.25793650793650796 0.403954802259887 0.03015873015873016 0.05649717514124294
6 0.28888888888888886 0.3403954802259887 0.050793650793650794 0.06497175141242938
5 0.4587301587301587 0.5423728813559322 0.03492063492063492 0.07344632768361582
5 0.24206349206349206 0.4519774011299435 0.014285714285714285 0.05649717514124294
5 0.3492063492063492 0.4081920903954802 0.031746031746031744 0.0480225988700565
5 0.3198412698412698 0.4110169491525424 0.026984126984126985 0.0423728813559322
5 0.36587301587301585 0.3870056497175141 0.020634920634920634 0.04519774011299435
5 0.376984126984127 0.3531073446327684 0.020634920634920634 0.03389830508474576
5 0.3198412698412698 0.3813559322033898 0.014285714285714285 0.04519774011299435
5 0.8484126984126984 0.7443502824858758 0.049206349206349205 0.09887005649717515
5 0.9380952380952381 0.7754237288135594 0.047619047619047616 0.08757062146892655
5 0.0880952380952381 0.5169491525423728 0.023809523809523808 0.05649717514124294
5 0.030952380952380953 0.5649717514124294 0.023809523809523808 0.05649717514124294