0 0.4587301587301587 0.3361581920903955 0.08888888888888889 0.07344632768361582
5 0.8357142857142857 0.730225988700565 0.049206349206349205 0.09322033898305085
5 0.7507936507936508 0.6581920903954802 0.050793650793650794 0.0847457627118644
5 0.4579365079365079 0.6384180790960452 0.049206349206349205 0.0847457627118644
5 0.5253968253968254 0.5734463276836158 0.0380952380952381 0.07909604519774012
5 0.046825396825396826 0.75 0.03650793650793651 0.09322033898305085
5 0.7952380952380952 0.6370056497175142 0.050793650793650794 0.09322033898305085
4 0.4388888888888889 0.4604519774011299 0.07777777777777778 0.096045197740113
4 0.5079365079365079 0.4548022598870056 0.06349206349206349 0.06779661016949153
4 0.7087301587301588 0.538135593220339 0.0873015873015873 0.10451977401129943
4 0.65 0.4463276836158192 0.07777777777777778 0.06779661016949153
4 0.8507936507936508 0.538135593220339 0.08571428571428572 0.08757062146892655
6 0.276984126984127 0.3333333333333333 0.046031746031746035 0.062146892655367235