0 0.18095238095238095 0.2980225988700565 0.12698412698412698 0.17231638418079095
4 0.8539682539682539 0.3771186440677966 0.06666666666666667 0.08192090395480225
4 0.5984126984126984 0.3983050847457627 0.11746031746031746 0.1016949152542373
4 0.44603174603174606 0.2062146892655367 0.047619047619047616 0.05649717514124294
4 0.4595238095238095 0.15112994350282485 0.04285714285714286 0.0423728813559322
4 0.1619047619047619 0.4731638418079096 0.10476190476190476 0.1271186440677966
4 0.22777777777777777 0.5211864406779662 0.1126984126984127 0.1384180790960452
4 0.07539682539682539 0.7090395480225988 0.1253968253968254 0.1751412429378531
6 0.9547619047619048 0.442090395480226 0.09047619047619047 0.1384180790960452
7 0.28095238095238095 0.3093220338983051 0.06984126984126984 0.09322033898305085
5 0.2968253968253968 0.7754237288135594 0.05396825396825397 0.09887005649717515
5 0.1880952380952381 0.6822033898305084 0.046031746031746035 0.10451977401129943
5 0.25873015873015875 0.538135593220339 0.047619047619047616 0.09887005649717515
5 0.376984126984127 0.4322033898305085 0.03333333333333333 0.0903954802259887
5 0.42698412698412697 0.3672316384180791 0.031746031746031744 0.0903954802259887
5 0.4095238095238095 0.2994350282485876 0.03492063492063492 0.1016949152542373
5 0.08095238095238096 0.442090395480226 0.03492063492063492 0.07627118644067797
5 0.027777777777777776 0.5169491525423728 0.03333333333333333 0.05649717514124294
5 0.13095238095238096 0.4180790960451977 0.03333333333333333 0.07909604519774012
5 0.3198412698412698 0.4661016949152542 0.03015873015873016 0.062146892655367235