0 0.3952380952380952 0.134180790960452 0.06349206349206349 0.07627118644067797
4 0.8904761904761904 0.5098870056497176 0.10793650793650794 0.1327683615819209
4 0.8539682539682539 0.3771186440677966 0.06666666666666667 0.07627118644067797
4 0.3349206349206349 0.326271186440678 0.07936507936507936 0.08192090395480225
4 0.2365079365079365 0.288135593220339 0.06031746031746032 0.07344632768361582
4 0.3476190476190476 0.2401129943502825 0.06349206349206349 0.06779661016949153
4 0.30396825396825394 0.2401129943502825 0.05873015873015873 0.07344632768361582
4 0.26825396825396824 0.480225988700565 0.10476190476190476 0.13559322033898305
4 0.09047619047619047 0.7090395480225988 0.11746031746031746 0.1977401129943503
4 0.05555555555555555 0.6299435028248588 0.1111111111111111 0.1751412429378531
7 0.20873015873015874 0.3884180790960452 0.08095238095238096 0.10451977401129943
7 0.30793650793650795 0.192090395480226 0.06666666666666667 0.07344632768361582
5 0.4087301587301587 0.617231638418079 0.05238095238095238 0.10451977401129943
5 0.5404761904761904 0.5211864406779662 0.05238095238095238 0.09322033898305085
5 0.39126984126984127 0.4251412429378531 0.03333333333333333 0.09322033898305085
5 0.49206349206349204 0.3884180790960452 0.031746031746031744 0.08192090395480225
5 0.4007936507936508 0.3192090395480226 0.020634920634920634 0.07344632768361582
5 0.5373015873015873 0.2838983050847458 0.014285714285714285 0.06497175141242938