0 0.680952380952381 0.346045197740113 0.19365079365079366 0.2288135593220339
4 0.9611111111111111 0.4350282485875706 0.0746031746031746 0.0903954802259887
4 0.8484126984126984 0.3742937853107345 0.07142857142857142 0.07627118644067797
4 0.38492063492063494 0.15819209039548024 0.03650793650793651 0.03954802259887006
4 0.5119047619047619 0.2782485875706215 0.08412698412698413 0.07627118644067797
4 0.32301587301587303 0.2711864406779661 0.05873015873015873 0.062146892655367235
4 0.2849206349206349 0.3672316384180791 0.07777777777777778 0.0903954802259887
4 0.23095238095238096 0.3799435028248588 0.0746031746031746 0.09887005649717515
4 0.1873015873015873 0.5621468926553672 0.11428571428571428 0.1694915254237288
7 0.07142857142857142 0.5692090395480226 0.09841269841269841 0.1497175141242938
6 0.3238095238095238 0.2062146892655367 0.06349206349206349 0.07344632768361582
5 0.3357142857142857 0.7019774011299436 0.05873015873015873 0.11016949152542373
5 0.28095238095238095 0.5522598870056498 0.044444444444444446 0.08757062146892655
5 0.503968253968254 0.4180790960451977 0.03015873015873016 0.0847457627118644
5 0.5317460317460317 0.3700564971751412 0.022222222222222223 0.0847457627118644
5 0.5626984126984127 0.3672316384180791 0.020634920634920634 0.0847457627118644
5 0.44206349206349205 0.4251412429378531 0.03650793650793651 0.07627118644067797
5 0.7388888888888889 0.5550847457627118 0.05873015873015873 0.08757062146892655
5 0.3968253968253968 0.23022598870056496 0.01904761904761905 0.059322033898305086
5 0.4857142857142857 0.4053672316384181 0.022222222222222223 0.09322033898305085
5 0.16984126984126985 0.7372881355932204 0.050793650793650794 0.0903954802259887