5 0.4515873015873016 0.8022598870056498 0.03968253968253968 0.11864406779661017
0 0.4357142857142857 0.3290960451977401 0.12857142857142856 0.07062146892655367
4 0.5119047619047619 0.4731638418079096 0.07142857142857142 0.07627118644067797
6 0.7 0.5240112994350282 0.13333333333333333 0.19491525423728814
0 0.2388888888888889 0.3771186440677966 0.046031746031746035 0.08757062146892655
0 0.31587301587301586 0.3531073446327684 0.047619047619047616 0.062146892655367235
6 0.2841269841269841 0.3361581920903955 0.044444444444444446 0.05649717514124294
5 0.1349206349206349 0.5353107344632768 0.06984126984126984 0.09322033898305085
5 0.0380952380952381 0.652542372881356 0.04126984126984127 0.06779661016949153
5 0.10793650793650794 0.6694915254237288 0.0380952380952381 0.0847457627118644
5 0.15396825396825398 0.6412429378531074 0.03492063492063492 0.0903954802259887
5 0.3111111111111111 0.8629943502824858 0.06349206349206349 0.11581920903954802
5 0.3674603174603175 0.9350282485875706 0.05238095238095238 0.12429378531073447
5 0.39206349206349206 0.6991525423728814 0.025396825396825397 0.10451977401129943
5 0.4936507936507937 0.6850282485875706 0.047619047619047616 0.11016949152542373
5 0.542063492063492 0.6892655367231638 0.05238095238095238 0.0903954802259887
5 0.6214285714285714 0.6779661016949152 0.05873015873015873 0.07344632768361582
5 0.5777777777777777 0.5861581920903954 0.04126984126984127 0.08757062146892655
5 0.4880952380952381 0.5692090395480226 0.03968253968253968 0.07627118644067797
5 0.34444444444444444 0.4830508474576271 0.022222222222222223 0.062146892655367235
5 0.3325396825396825 0.4392655367231638 0.014285714285714285 0.059322033898305086
5 0.40793650793650793 0.5211864406779662 0.03492063492063492 0.06497175141242938
5 0.36904761904761907 0.4661016949152542 0.023809523809523808 0.06779661016949153
5 0.42936507936507934 0.4661016949152542 0.023809523809523808 0.062146892655367235
5 0.29603174603174603 0.4392655367231638 0.01746031746031746 0.05367231638418079
5 0.723015873015873 0.692090395480226 0.05555555555555555 0.0847457627118644
5 0.796031746031746 0.6440677966101694 0.049206349206349205 0.07344632768361582
5 0.819047619047619 0.7471751412429378 0.05396825396825397 0.09887005649717515
4 0.9206349206349206 0.6511299435028248 0.10158730158730159 0.1384180790960452
4 0.9706349206349206 0.596045197740113 0.05873015873015873 0.0847457627118644
5 0.9507936507936507 0.7471751412429378 0.044444444444444446 0.08757062146892655
5 0.8222222222222222 0.692090395480226 0.044444444444444446 0.07344632768361582
5 0.7198412698412698 0.6101694915254238 0.04285714285714286 0.07909604519774012
5 0.6523809523809524 0.617231638418079 0.050793650793650794 0.07627118644067797
5 0.5119047619047619 0.5211864406779662 0.03650793650793651 0.07062146892655367
5 0.4777777777777778 0.5211864406779662 0.03492063492063492 0.06497175141242938
5 0.569047619047619 0.5282485875706214 0.03968253968253968 0.062146892655367235
5 0.15 0.8545197740112994 0.05555555555555555 0.11581920903954802
5 0.20396825396825397 0.8403954802259888 0.05238095238095238 0.09887005649717515
5 0.046825396825396826 0.9590395480225988 0.05555555555555555 0.07627118644067797
5 0.0880952380952381 0.614406779661017 0.026984126984126985 0.06497175141242938
5 0.11587301587301588 0.6200564971751412 0.03492063492063492 0.059322033898305086
5 0.25396825396825395 0.4661016949152542 0.01904761904761905 0.05649717514124294
5 0.2753968253968254 0.4519774011299435 0.01746031746031746 0.05649717514124294
6 0.8539682539682539 0.5240112994350282 0.10476190476190476 0.1384180790960452