0 0.36984126984126986 0.14689265536723164 0.06984126984126984 0.0847457627118644
4 0.11428571428571428 0.672316384180791 0.11746031746031746 0.1807909604519774
4 0.08492063492063492 0.5819209039548022 0.11587301587301588 0.1638418079096045
4 0.2857142857142857 0.4632768361581921 0.11746031746031746 0.12429378531073447
4 0.15476190476190477 0.3714689265536723 0.05238095238095238 0.08192090395480225
4 0.2507936507936508 0.2810734463276836 0.06984126984126984 0.07627118644067797
4 0.353968253968254 0.3022598870056497 0.07301587301587302 0.07344632768361582
4 0.36507936507936506 0.23022598870056496 0.06349206349206349 0.059322033898305086
7 0.26031746031746034 0.2189265536723164 0.06984126984126984 0.08757062146892655
6 0.9587301587301588 0.442090395480226 0.08253968253968254 0.12146892655367232
4 0.8507936507936508 0.3771186440677966 0.06984126984126984 0.07627118644067797
7 0.22777777777777777 0.3700564971751412 0.0746031746031746 0.096045197740113
5 0.34206349206349207 0.8192090395480226 0.05238095238095238 0.0903954802259887
5 0.4087301587301587 0.6412429378531074 0.05555555555555555 0.11299435028248588
5 0.20317460317460317 0.6680790960451978 0.047619047619047616 0.11581920903954802
5 0.5103174603174603 0.5240112994350282 0.05238095238095238 0.09322033898305085
5 0.6579365079365079 0.5 0.05555555555555555 0.07344632768361582
5 0.8539682539682539 0.4251412429378531 0.0380952380952381 0.059322033898305086
5 0.5190476190476191 0.3022598870056497 0.022222222222222223 0.06779661016949153
5 0.3896825396825397 0.4081920903954802 0.03650793650793651 0.08757062146892655
5 0.33650793650793653 0.3502824858757062 0.03492063492063492 0.07344632768361582
5 0.4 0.2951977401129944 0.025396825396825397 0.06497175141242938
5 0.44206349206349205 0.3361581920903955 0.020634920634920634 0.07909604519774012