6 0.4087301587301587 0.3728813559322034 0.0746031746031746 0.096045197740113
0 0.28809523809523807 0.3305084745762712 0.0746031746031746 0.06779661016949153
4 0.10476190476190476 0.5451977401129944 0.06349206349206349 0.0903954802259887
4 0.2 0.5409604519774012 0.08888888888888889 0.09887005649717515
4 0.2507936507936508 0.4053672316384181 0.02857142857142857 0.0480225988700565
4 0.3357142857142857 0.3884180790960452 0.04285714285714286 0.0480225988700565
4 0.6031746031746031 0.5141242937853108 0.10158730158730159 0.1016949152542373
4 0.6142857142857143 0.4053672316384181 0.06349206349206349 0.06497175141242938
4 0.4507936507936508 0.3629943502824859 0.03492063492063492 0.0423728813559322
4 0.7309523809523809 0.6228813559322034 0.0873015873015873 0.16101694915254236
3 0.1984126984126984 0.8121468926553672 0.04126984126984127 0.11581920903954802
5 0.05238095238095238 0.7782485875706214 0.050793650793650794 0.10451977401129943
5 0.38333333333333336 0.8488700564971752 0.05873015873015873 0.09887005649717515
5 0.5777777777777777 0.6822033898305084 0.06031746031746032 0.08192090395480225
5 0.473015873015873 0.5310734463276836 0.02857142857142857 0.07344632768361582
5 0.3484126984126984 0.4661016949152542 0.026984126984126985 0.05649717514124294
5 0.6619047619047619 0.5621468926553672 0.044444444444444446 0.06779661016949153
5 0.8238095238095238 0.7641242937853108 0.05714285714285714 0.11016949152542373
5 0.8690476190476191 0.634180790960452 0.03968253968253968 0.08192090395480225