4 0.751171875 0.5101449275362319 0.07421875 0.1246376811594203
5 0.783203125 0.8079710144927537 0.04765625 0.1782608695652174
5 0.84921875 0.7478260869565218 0.078125 0.2028985507246377
5 0.59921875 0.36594202898550726 0.028125 0.08260869565217391
5 0.704296875 0.36376811594202896 0.03203125 0.10144927536231885
5 0.596484375 0.5311594202898551 0.03984375 0.1463768115942029
4 0.282421875 0.6840579710144927 0.10390625 0.2028985507246377
4 0.284375 0.42971014492753623 0.065625 0.1144927536231884
7 0.358203125 0.33260869565217394 0.04921875 0.12318840579710146
5 0.055078125 0.6702898550724637 0.04296875 0.12318840579710146
5 0.144140625 0.5289855072463768 0.02734375 0.10434782608695652
5 0.175 0.5376811594202898 0.028125 0.10434782608695652
5 0.658203125 0.4826086956521739 0.02421875 0.11014492753623188
5 0.96640625 0.8731884057971014 0.0671875 0.21304347826086956
5 0.903125 0.7347826086956522 0.0546875 0.1565217391304348
5 0.753125 0.6260869565217392 0.0359375 0.1536231884057971