4 0.36666666666666664 0.4138418079096045 0.12063492063492064 0.11581920903954802
6 0.953968253968254 0.4562146892655367 0.09206349206349207 0.1553672316384181
4 0.85 0.3799435028248588 0.06825396825396825 0.08192090395480225
4 0.15793650793650793 0.6101694915254238 0.11904761904761904 0.1694915254237288
4 0.1388888888888889 0.5070621468926554 0.10952380952380952 0.1384180790960452
4 0.044444444444444446 0.7951977401129944 0.08888888888888889 0.17231638418079095
4 0.11984126984126985 0.4251412429378531 0.0873015873015873 0.1384180790960452
7 0.23095238095238096 0.3629943502824859 0.07777777777777778 0.10451977401129943
0 0.3119047619047619 0.192090395480226 0.0873015873015873 0.10734463276836158
4 0.3904761904761905 0.268361581920904 0.06031746031746032 0.06779661016949153
4 0.3984126984126984 0.2033898305084746 0.05396825396825397 0.05649717514124294
7 0.403968253968254 0.12429378531073447 0.046031746031746035 0.04519774011299435
5 0.3 0.9449152542372882 0.08571428571428572 0.10451977401129943
5 0.3238095238095238 0.8375706214689266 0.08571428571428572 0.11581920903954802
5 0.4119047619047619 0.8361581920903954 0.05873015873015873 0.13559322033898305
5 0.18492063492063493 0.692090395480226 0.05238095238095238 0.10734463276836158
5 0.2650793650793651 0.5621468926553672 0.047619047619047616 0.0903954802259887
5 0.19603174603174603 0.6200564971751412 0.05238095238095238 0.07062146892655367
5 0.1349206349206349 0.730225988700565 0.047619047619047616 0.10451977401129943
5 0.346031746031746 0.3333333333333333 0.03492063492063492 0.06779661016949153
5 0.8539682539682539 0.4251412429378531 0.0380952380952381 0.06497175141242938
5 0.8920634920634921 0.4562146892655367 0.031746031746031744 0.07062146892655367
5 0.8134920634920635 0.4081920903954802 0.04285714285714286 0.07627118644067797
5 0.7388888888888889 0.346045197740113 0.03650793650793651 0.059322033898305086
5 0.7174603174603175 0.2768361581920904 0.031746031746031744 0.05084745762711865
5 0.45 0.2401129943502825 0.01746031746031746 0.05649717514124294
5 0.626984126984127 0.5141242937853108 0.05396825396825397 0.07344632768361582
5 0.7579365079365079 0.5522598870056498 0.05873015873015873 0.09887005649717515
5 0.9222222222222223 0.597457627118644 0.044444444444444446 0.08192090395480225