5 0.566015625 0.7416666666666667 0.13359375 0.41944444444444445
5 0.91015625 0.5076388888888889 0.121875 0.2791666666666667
5 0.478125 0.46111111111111114 0.090625 0.31666666666666665
5 0.344140625 0.3388888888888889 0.05859375 0.2222222222222222
5 0.222265625 0.21805555555555556 0.03359375 0.14166666666666666
5 0.259375 0.1798611111111111 0.028125 0.10972222222222222
5 0.26328125 0.14027777777777778 0.025 0.08055555555555556
5 0.205078125 0.11319444444444444 0.01640625 0.0763888888888889
5 0.240234375 0.11180555555555556 0.01953125 0.07361111111111111
4 0.322265625 0.08055555555555556 0.03671875 0.05555555555555555
3 0.400390625 0.13680555555555557 0.01640625 0.09305555555555556