4 0.3119047619047619 0.442090395480226 0.12222222222222222 0.1271186440677966
4 0.13333333333333333 0.655367231638418 0.11746031746031746 0.192090395480226
6 0.9547619047619048 0.4562146892655367 0.09047619047619047 0.1553672316384181
4 0.8507936507936508 0.3799435028248588 0.06666666666666667 0.08192090395480225
5 0.7587301587301587 0.5211864406779662 0.05396825396825397 0.09322033898305085
5 0.6007936507936508 0.5028248587570622 0.05873015873015873 0.0847457627118644
5 0.4849206349206349 0.5649717514124294 0.05238095238095238 0.1016949152542373
5 0.3007936507936508 0.9449152542372882 0.0873015873015873 0.10451977401129943
5 0.3277777777777778 0.8333333333333334 0.08412698412698413 0.12429378531073447
5 0.4103174603174603 0.8361581920903954 0.06190476190476191 0.13559322033898305
5 0.07301587301587302 0.8403954802259888 0.06349206349206349 0.11016949152542373
5 0.19444444444444445 0.6991525423728814 0.05238095238095238 0.11581920903954802
5 0.22301587301587303 0.617231638418079 0.049206349206349205 0.10451977401129943
5 0.276984126984127 0.5692090395480226 0.04285714285714286 0.10451977401129943
4 0.09206349206349207 0.4463276836158192 0.07936507936507936 0.11299435028248588
4 0.11190476190476191 0.5494350282485876 0.1126984126984127 0.16666666666666666
7 0.22698412698412698 0.3644067796610169 0.08253968253968254 0.1016949152542373
7 0.22142857142857142 0.2528248587570621 0.07777777777777778 0.09887005649717515
0 0.35 0.1652542372881356 0.0746031746031746 0.09322033898305085
5 0.8547619047619047 0.4251412429378531 0.03968253968253968 0.06497175141242938
5 0.7150793650793651 0.2782485875706215 0.03015873015873016 0.05367231638418079
5 0.7357142857142858 0.3432203389830508 0.03650793650793651 0.059322033898305086
5 0.765079365079365 0.3700564971751412 0.0380952380952381 0.06779661016949153
5 0.8111111111111111 0.4011299435028249 0.0380952380952381 0.062146892655367235
4 0.36984126984126986 0.288135593220339 0.06666666666666667 0.07909604519774012
4 0.37777777777777777 0.22033898305084745 0.06031746031746032 0.062146892655367235
5 0.2920634920634921 0.2853107344632768 0.03492063492063492 0.05649717514124294
5 0.3968253968253968 0.2980225988700565 0.025396825396825397 0.06497175141242938
5 0.44206349206349205 0.3432203389830508 0.026984126984126985 0.07627118644067797
5 0.31507936507936507 0.23587570621468926 0.023809523809523808 0.0480225988700565
3 0.4888888888888889 0.25 0.012698412698412698 0.06497175141242938
5 0.41904761904761906 0.2570621468926554 0.015873015873015872 0.05649717514124294
5 0.46904761904761905 0.2923728813559322 0.01746031746031746 0.07062146892655367
5 0.5380952380952381 0.2740112994350282 0.015873015873015872 0.062146892655367235
5 0.5587301587301587 0.2782485875706215 0.015873015873015872 0.06497175141242938
5 0.44285714285714284 0.23728813559322035 0.015873015873015872 0.05649717514124294