5 0.4119047619047619 0.8319209039548022 0.046031746031746035 0.1271186440677966
4 0.5015873015873016 0.2838983050847458 0.025396825396825397 0.031073446327683617
5 0.4746031746031746 0.7161016949152542 0.044444444444444446 0.11016949152542373
5 0.5563492063492064 0.6793785310734464 0.049206349206349205 0.09887005649717515
5 0.5968253968253968 0.6200564971751412 0.04126984126984127 0.07627118644067797
5 0.4507936507936508 0.5903954802259888 0.050793650793650794 0.07344632768361582
5 0.3119047619047619 0.4971751412429379 0.03333333333333333 0.05649717514124294
5 0.26587301587301587 0.4774011299435028 0.026984126984126985 0.05649717514124294
5 0.2253968253968254 0.5649717514124294 0.0380952380952381 0.07344632768361582
5 0.27936507936507937 0.6271186440677966 0.04126984126984127 0.0847457627118644
5 0.1484126984126984 0.5932203389830508 0.04285714285714286 0.07344632768361582
5 0.15396825396825398 0.5522598870056498 0.031746031746031744 0.059322033898305086
3 0.1984126984126984 0.809322033898305 0.050793650793650794 0.10451977401129943
5 0.07539682539682539 0.9152542372881356 0.06190476190476191 0.10734463276836158
5 0.25873015873015875 0.943502824858757 0.06031746031746032 0.11299435028248588
5 0.3484126984126984 0.9350282485875706 0.046031746031746035 0.12429378531073447
5 0.36904761904761907 0.538135593220339 0.04285714285714286 0.059322033898305086
5 0.4158730158730159 0.5282485875706214 0.04126984126984127 0.06779661016949153
5 0.503968253968254 0.4901129943502825 0.03015873015873016 0.06497175141242938
4 0.22380952380952382 0.4491525423728814 0.044444444444444446 0.07344632768361582
4 0.4111111111111111 0.422316384180791 0.05714285714285714 0.059322033898305086
4 0.7531746031746032 0.5692090395480226 0.10952380952380952 0.1271186440677966
6 0.8563492063492063 0.5240112994350282 0.10634920634920635 0.1327683615819209
5 0.6753968253968254 0.5861581920903954 0.04285714285714286 0.07627118644067797
5 0.7 0.7033898305084746 0.05396825396825397 0.07909604519774012
5 0.45 0.461864406779661 0.03015873015873016 0.06497175141242938
5 0.38492063492063494 0.4943502824858757 0.03333333333333333 0.05649717514124294
5 0.30396825396825394 0.4322033898305085 0.01746031746031746 0.05084745762711865
5 0.273015873015873 0.4152542372881356 0.01904761904761905 0.04519774011299435
0 0.3611111111111111 0.3361581920903955 0.11904761904761904 0.06779661016949153
0 0.2365079365079365 0.365819209039548 0.050793650793650794 0.08192090395480225
5 0.3388888888888889 0.4322033898305085 0.01746031746031746 0.05084745762711865
5 0.523015873015873 0.9463276836158192 0.08412698412698413 0.10734463276836158
6 0.5238095238095238 0.4392655367231638 0.11428571428571428 0.1553672316384181
5 0.8507936507936508 0.7401129943502824 0.050793650793650794 0.10734463276836158