4 0.3968253968253968 0.442090395480226 0.009523809523809525 0.002824858757062147
4 0.30158730158730157 0.3319209039548023 0.025396825396825397 0.03672316384180791
4 0.36904761904761907 0.4081920903954802 0.05238095238095238 0.07627118644067797
4 0.5095238095238095 0.4562146892655367 0.08888888888888889 0.06497175141242938
4 0.7150793650793651 0.5282485875706214 0.09047619047619047 0.0903954802259887
4 0.8928571428571429 0.5522598870056498 0.07777777777777778 0.08192090395480225
4 0.8698412698412699 0.6242937853107344 0.12380952380952381 0.1977401129943503
5 0.830952380952381 0.826271186440678 0.05555555555555555 0.11016949152542373
5 0.8857142857142857 0.7782485875706214 0.044444444444444446 0.08757062146892655
5 0.8634920634920635 0.711864406779661 0.050793650793650794 0.0847457627118644
5 0.8539682539682539 0.6751412429378532 0.03492063492063492 0.07344632768361582
5 0.046031746031746035 0.75 0.0380952380952381 0.09887005649717515
3 0.20873015873015874 0.8022598870056498 0.049206349206349205 0.10734463276836158
5 0.07698412698412699 0.9152542372881356 0.05873015873015873 0.1016949152542373
5 0.09444444444444444 0.8488700564971752 0.04285714285714286 0.09887005649717515
5 0.14444444444444443 0.8771186440677966 0.05714285714285714 0.10451977401129943
5 0.11904761904761904 0.5324858757062146 0.02857142857142857 0.06497175141242938
5 0.01904761904761905 0.5932203389830508 0.02857142857142857 0.062146892655367235
4 0.26587301587301587 0.3884180790960452 0.023809523809523808 0.0480225988700565
0 0.6428571428571429 0.4081920903954802 0.12698412698412698 0.12146892655367232
5 0.24206349206349206 0.4632768361581921 0.01746031746031746 0.05084745762711865
5 0.30793650793650795 0.4491525423728814 0.01904761904761905 0.05649717514124294
5 0.28253968253968254 0.4251412429378531 0.015873015873015872 0.05367231638418079
5 0.5023809523809524 0.5621468926553672 0.04285714285714286 0.07344632768361582
5 0.596031746031746 0.6313559322033898 0.046031746031746035 0.08192090395480225
5 0.5920634920634921 0.5423728813559322 0.031746031746031744 0.07344632768361582
5 0.5817460317460318 0.5692090395480226 0.03650793650793651 0.08192090395480225
5 0.5507936507936508 0.518361581920904 0.031746031746031744 0.06497175141242938
5 0.7515873015873016 0.7161016949152542 0.05238095238095238 0.08757062146892655
5 0.726984126984127 0.6285310734463276 0.047619047619047616 0.08192090395480225
5 0.7698412698412699 0.6581920903954802 0.050793650793650794 0.07344632768361582
5 0.7888888888888889 0.7019774011299436 0.0380952380952381 0.08192090395480225
5 0.4087301587301587 0.4053672316384181 0.023809523809523808 0.0480225988700565
5 0.42777777777777776 0.3912429378531073 0.020634920634920634 0.05367231638418079
5 0.34206349206349207 0.4590395480225989 0.020634920634920634 0.059322033898305086
5 0.30793650793650795 0.3983050847457627 0.012698412698412698 0.04519774011299435
5 0.32142857142857145 0.4322033898305085 0.014285714285714285 0.05084745762711865
5 0.38095238095238093 0.4971751412429379 0.02857142857142857 0.07344632768361582
5 0.4238095238095238 0.538135593220339 0.031746031746031744 0.07627118644067797
5 0.44285714285714284 0.4632768361581921 0.02857142857142857 0.05649717514124294
5 0.4150793650793651 0.4632768361581921 0.023809523809523808 0.05649717514124294
5 0.40634920634920635 0.4830508474576271 0.022222222222222223 0.062146892655367235
5 0.43492063492063493 0.5084745762711864 0.031746031746031744 0.06779661016949153
5 0.48095238095238096 0.5141242937853108 0.03492063492063492 0.07344632768361582
5 0.523015873015873 0.5211864406779662 0.03650793650793651 0.07627118644067797
5 0.7111111111111111 0.5734463276836158 0.044444444444444446 0.06779661016949153
5 0.6857142857142857 0.480225988700565 0.031746031746031744 0.05649717514124294
5 0.726984126984127 0.4322033898305085 0.02857142857142857 0.04519774011299435
5 0.7698412698412699 0.4872881355932203 0.03492063492063492 0.059322033898305086
5 0.8158730158730159 0.5084745762711864 0.031746031746031744 0.05084745762711865