6 0.46746031746031746 0.4011299435028249 0.09047619047619047 0.11864406779661017
0 0.32857142857142857 0.3361581920903955 0.10476190476190476 0.06779661016949153
6 0.8547619047619047 0.5240112994350282 0.10634920634920635 0.1271186440677966
4 0.2388888888888889 0.4251412429378531 0.03650793650793651 0.059322033898305086
4 0.36984126984126986 0.4011299435028249 0.044444444444444446 0.05649717514124294
4 0.5238095238095238 0.3573446327683616 0.044444444444444446 0.0480225988700565
4 0.665079365079365 0.5338983050847458 0.1111111111111111 0.11864406779661017
4 0.8507936507936508 0.692090395480226 0.12063492063492064 0.14124293785310735
3 0.19682539682539682 0.807909604519774 0.044444444444444446 0.11299435028248588
5 0.38095238095238093 0.8629943502824858 0.044444444444444446 0.11581920903954802
5 0.4738095238095238 0.7471751412429378 0.04285714285714286 0.10451977401129943
5 0.5547619047619048 0.692090395480226 0.05238095238095238 0.1016949152542373
5 0.6611111111111111 0.6892655367231638 0.05555555555555555 0.0903954802259887
5 0.43412698412698414 0.5621468926553672 0.03968253968253968 0.07344632768361582
5 0.703968253968254 0.6384180790960452 0.049206349206349205 0.07909604519774012
5 0.773015873015873 0.6313559322033898 0.044444444444444446 0.07627118644067797
5 0.8365079365079365 0.75 0.05396825396825397 0.09322033898305085
5 0.22777777777777777 0.5522598870056498 0.03333333333333333 0.06497175141242938
5 0.3007936507936508 0.4901129943502825 0.03650793650793651 0.06497175141242938