0 0.926984126984127 0.4971751412429379 0.14285714285714285 0.24858757062146894
4 0.046825396825396826 0.788135593220339 0.09365079365079365 0.2033898305084746
4 0.23174603174603176 0.5098870056497176 0.1111111111111111 0.1440677966101695
4 0.3111111111111111 0.3432203389830508 0.08253968253968254 0.08192090395480225
4 0.3007936507936508 0.288135593220339 0.06825396825396825 0.07344632768361582
4 0.32301587301587303 0.2062146892655367 0.046031746031746035 0.05084745762711865
4 0.4023809523809524 0.19915254237288135 0.04285714285714286 0.0480225988700565
4 0.3888888888888889 0.1751412429378531 0.044444444444444446 0.05084745762711865
4 0.6888888888888889 0.3771186440677966 0.10476190476190476 0.11016949152542373
4 0.846031746031746 0.3742937853107345 0.05714285714285714 0.06497175141242938
7 0.15476190476190477 0.442090395480226 0.06825396825396825 0.12146892655367232
7 0.373015873015873 0.1553672316384181 0.050793650793650794 0.05649717514124294
6 0.12301587301587301 0.4011299435028249 0.09047619047619047 0.15819209039548024
5 0.33095238095238094 0.7259887005649718 0.05873015873015873 0.12994350282485875
5 0.580952380952381 0.3728813559322034 0.025396825396825397 0.0847457627118644
5 0.36984126984126986 0.4632768361581921 0.047619047619047616 0.0847457627118644
5 0.542063492063492 0.3432203389830508 0.01746031746031746 0.08192090395480225
5 0.523015873015873 0.3361581920903955 0.020634920634920634 0.07909604519774012
5 0.5658730158730159 0.3121468926553672 0.01746031746031746 0.07062146892655367
5 0.41904761904761906 0.3968926553672316 0.031746031746031744 0.08192090395480225
5 0.8920634920634921 0.5720338983050848 0.047619047619047616 0.09322033898305085
5 0.22380952380952382 0.2570621468926554 0.022222222222222223 0.05649717514124294
5 0.19603174603174603 0.2782485875706215 0.023809523809523808 0.05367231638418079
5 0.15079365079365079 0.5734463276836158 0.03492063492063492 0.1016949152542373
5 0.173015873015873 0.713276836158192 0.05714285714285714 0.10451977401129943
5 0.3880952380952381 0.2994350282485876 0.01746031746031746 0.06779661016949153
5 0.36507936507936506 0.2711864406779661 0.03492063492063492 0.05084745762711865