6 0.8960317460317461 0.6271186440677966 0.12857142857142856 0.1864406779661017
6 0.6246031746031746 0.3940677966101695 0.1253968253968254 0.11016949152542373
4 0.3738095238095238 0.4152542372881356 0.05873015873015873 0.07909604519774012
4 0.5095238095238095 0.4590395480225989 0.08571428571428572 0.07062146892655367
4 0.7158730158730159 0.5310734463276836 0.09206349206349207 0.0903954802259887
4 0.8698412698412699 0.5310734463276836 0.08253968253968254 0.05649717514124294
3 0.20873015873015874 0.7980225988700564 0.049206349206349205 0.11581920903954802
5 0.09682539682539683 0.5522598870056498 0.02857142857142857 0.07627118644067797
5 0.31507936507936507 0.4562146892655367 0.020634920634920634 0.059322033898305086
5 0.353968253968254 0.4731638418079096 0.022222222222222223 0.059322033898305086
5 0.44047619047619047 0.5409604519774012 0.03015873015873016 0.08192090395480225
5 0.5214285714285715 0.5692090395480226 0.046031746031746035 0.08192090395480225
5 0.5738095238095238 0.5211864406779662 0.03650793650793651 0.07062146892655367
5 0.807936507936508 0.8022598870056498 0.05714285714285714 0.1016949152542373
5 0.7888888888888889 0.7231638418079096 0.05396825396825397 0.0847457627118644