7 0.35634920634920636 0.23728813559322035 0.05873015873015873 0.07344632768361582
4 0.2984126984126984 0.14124293785310735 0.0380952380952381 0.04519774011299435
4 0.2650793650793651 0.3474576271186441 0.08571428571428572 0.1016949152542373
4 0.30396825396825394 0.4463276836158192 0.10952380952380952 0.12429378531073447
6 0.06825396825396825 0.5451977401129944 0.1365079365079365 0.192090395480226
4 0.04365079365079365 0.730225988700565 0.0873015873015873 0.2457627118644068
5 0.03492063492063492 0.8771186440677966 0.06031746031746032 0.11016949152542373
5 0.30158730158730157 0.9463276836158192 0.07936507936507936 0.10734463276836158
5 0.4119047619047619 0.8361581920903954 0.05873015873015873 0.14124293785310735
5 0.3277777777777778 0.8290960451977402 0.08412698412698413 0.11581920903954802
5 0.3047619047619048 0.7754237288135594 0.06031746031746032 0.1271186440677966
5 0.3753968253968254 0.6412429378531074 0.049206349206349205 0.11864406779661017
5 0.569047619047619 0.5028248587570622 0.05555555555555555 0.0847457627118644
5 0.37936507936507935 0.3968926553672316 0.03492063492063492 0.08757062146892655
5 0.4087301587301587 0.4011299435028249 0.03333333333333333 0.0903954802259887
5 0.44285714285714284 0.3022598870056497 0.01904761904761905 0.07344632768361582
4 0.85 0.3771186440677966 0.06825396825396825 0.08192090395480225
6 0.9531746031746032 0.4491525423728814 0.09365079365079365 0.14689265536723164
4 0.8944444444444445 0.538135593220339 0.10317460317460317 0.1384180790960452
4 0.4865079365079365 0.1652542372881356 0.03968253968253968 0.0423728813559322
5 0.476984126984127 0.24717514124293785 0.01746031746031746 0.059322033898305086
5 0.49682539682539684 0.2330508474576271 0.012698412698412698 0.059322033898305086
5 0.46984126984126984 0.2231638418079096 0.012698412698412698 0.05084745762711865
5 0.5063492063492063 0.2062146892655367 0.015873015873015872 0.04519774011299435
5 0.569047619047619 0.20056497175141244 0.014285714285714285 0.05084745762711865
3 0.176984126984127 0.6581920903954802 0.049206349206349205 0.11299435028248588
5 0.28174603174603174 0.5692090395480226 0.046031746031746035 0.09322033898305085
5 0.7380952380952381 0.3432203389830508 0.0380952380952381 0.06497175141242938
5 0.7174603174603175 0.2711864406779661 0.031746031746031744 0.05649717514124294
5 0.7658730158730159 0.3672316384180791 0.03968253968253968 0.062146892655367235
5 0.8547619047619047 0.4152542372881356 0.03968253968253968 0.05649717514124294