4 0.03333333333333333 0.5240112994350282 0.06666666666666667 0.1384180790960452
4 0.12380952380952381 0.5211864406779662 0.10793650793650794 0.1440677966101695
4 0.16904761904761906 0.3771186440677966 0.07777777777777778 0.12146892655367232
4 0.3349206349206349 0.4322033898305085 0.11746031746031746 0.12429378531073447
7 0.23095238095238096 0.3672316384180791 0.07777777777777778 0.10734463276836158
7 0.1865079365079365 0.2711864406779661 0.07777777777777778 0.0903954802259887
0 0.3357142857142857 0.1765536723163842 0.08095238095238096 0.09887005649717515
4 0.37936507936507935 0.2782485875706215 0.06349206349206349 0.07627118644067797
4 0.3888888888888889 0.2132768361581921 0.05396825396825397 0.059322033898305086
4 0.85 0.384180790960452 0.06507936507936508 0.07909604519774012
6 0.953968253968254 0.4590395480225989 0.09206349206349207 0.16666666666666666
4 0.14285714285714285 0.634180790960452 0.11746031746031746 0.18361581920903955
4 0.03888888888888889 0.7994350282485876 0.07777777777777778 0.14689265536723164
5 0.06507936507936508 0.6751412429378532 0.044444444444444446 0.096045197740113
5 0.10714285714285714 0.7853107344632768 0.05555555555555555 0.10734463276836158
5 0.30396825396825394 0.9463276836158192 0.08412698412698413 0.10734463276836158
5 0.33095238095238094 0.8319209039548022 0.0746031746031746 0.11581920903954802
5 0.4111111111111111 0.8361581920903954 0.05714285714285714 0.12994350282485875
5 0.22301587301587303 0.6624293785310734 0.05555555555555555 0.10451977401129943
5 0.1634920634920635 0.7274011299435028 0.05396825396825397 0.10451977401129943
5 0.18095238095238095 0.6483050847457628 0.050793650793650794 0.06497175141242938
5 0.3 0.5451977401129944 0.044444444444444446 0.0903954802259887
5 0.29603174603174603 0.3672316384180791 0.03968253968253968 0.062146892655367235
5 0.5468253968253968 0.5282485875706214 0.05555555555555555 0.0903954802259887
5 0.6777777777777778 0.5141242937853108 0.05396825396825397 0.0847457627118644
5 0.834920634920635 0.559322033898305 0.047619047619047616 0.0903954802259887
5 0.7404761904761905 0.3432203389830508 0.03968253968253968 0.07062146892655367
5 0.8563492063492063 0.4265536723163842 0.03968253968253968 0.06779661016949153
5 0.7174603174603175 0.2782485875706215 0.03492063492063492 0.059322033898305086
5 0.46984126984126984 0.3093220338983051 0.022222222222222223 0.07062146892655367
5 0.42777777777777776 0.2711864406779661 0.020634920634920634 0.06779661016949153
5 0.5507936507936508 0.2570621468926554 0.015873015873015872 0.062146892655367235
5 0.5674603174603174 0.2542372881355932 0.014285714285714285 0.062146892655367235