7 0.36984126984126986 0.22033898305084745 0.05396825396825397 0.07344632768361582
4 0.2857142857142857 0.3192090395480226 0.08571428571428572 0.0903954802259887
4 0.32142857142857145 0.4322033898305085 0.1126984126984127 0.11864406779661017
7 0.0880952380952381 0.5084745762711864 0.14126984126984127 0.1807909604519774
7 0.05 0.7033898305084746 0.1 0.24293785310734464
4 0.15079365079365079 0.6101694915254238 0.11746031746031746 0.1751412429378531
4 0.9531746031746032 0.5790960451977402 0.09365079365079365 0.14124293785310735
4 0.8507936507936508 0.3771186440677966 0.06666666666666667 0.07627118644067797
6 0.9531746031746032 0.4491525423728814 0.09365079365079365 0.15254237288135594
4 0.49444444444444446 0.15819209039548024 0.03015873015873016 0.04519774011299435
5 0.05634920634920635 0.8432203389830508 0.05873015873015873 0.12146892655367232
5 0.3 0.942090395480226 0.08571428571428572 0.11016949152542373
5 0.4111111111111111 0.8361581920903954 0.06031746031746032 0.12994350282485875
5 0.326984126984127 0.8290960451977402 0.08253968253968254 0.12146892655367232
5 0.3619047619047619 0.6864406779661016 0.05396825396825397 0.12994350282485875
5 0.4238095238095238 0.5805084745762712 0.047619047619047616 0.11581920903954802
5 0.18015873015873016 0.7401129943502824 0.05555555555555555 0.12429378531073447
5 0.403968253968254 0.3601694915254237 0.026984126984126985 0.08192090395480225
5 0.43333333333333335 0.365819209039548 0.025396825396825397 0.08192090395480225
5 0.4626984126984127 0.2641242937853107 0.01746031746031746 0.06497175141242938
5 0.48412698412698413 0.20903954802259886 0.012698412698412698 0.04519774011299435
5 0.623015873015873 0.4943502824858757 0.049206349206349205 0.07344632768361582
5 0.5111111111111111 0.21610169491525424 0.012698412698412698 0.05367231638418079
5 0.49206349206349204 0.2231638418079096 0.012698412698412698 0.05084745762711865
5 0.49682539682539684 0.1850282485875706 0.009523809523809525 0.0423728813559322
5 0.515079365079365 0.18926553672316385 0.011111111111111112 0.04519774011299435
5 0.3007936507936508 0.53954802259887 0.04285714285714286 0.0847457627118644
5 0.22380952380952382 0.6129943502824858 0.06984126984126984 0.1016949152542373
5 0.8547619047619047 0.4152542372881356 0.03333333333333333 0.05084745762711865
5 0.8738095238095238 0.4435028248587571 0.03968253968253968 0.06779661016949153
5 0.7380952380952381 0.3432203389830508 0.0380952380952381 0.06497175141242938
5 0.7174603174603175 0.2711864406779661 0.031746031746031744 0.05649717514124294