0 0.33015873015873015 0.1751412429378531 0.08253968253968254 0.1016949152542373
4 0.8539682539682539 0.384180790960452 0.06666666666666667 0.07909604519774012
4 0.39126984126984127 0.2132768361581921 0.05238095238095238 0.059322033898305086
4 0.3825396825396825 0.2740112994350282 0.06349206349206349 0.06779661016949153
7 0.23095238095238096 0.3672316384180791 0.07777777777777778 0.1016949152542373
4 0.15793650793650793 0.3954802259887006 0.0873015873015873 0.11864406779661017
4 0.34206349206349207 0.4322033898305085 0.11587301587301588 0.11299435028248588
4 0.13174603174603175 0.5211864406779662 0.1111111111111111 0.1384180790960452
4 0.14603174603174604 0.6271186440677966 0.11428571428571428 0.1694915254237288
4 0.03968253968253968 0.7853107344632768 0.07936507936507936 0.12429378531073447
4 0.025396825396825397 0.5353107344632768 0.050793650793650794 0.11016949152542373
7 0.176984126984127 0.2669491525423729 0.0746031746031746 0.07062146892655367
6 0.953968253968254 0.4491525423728814 0.08888888888888889 0.14124293785310735
5 0.5674603174603174 0.5254237288135594 0.05873015873015873 0.0847457627118644
5 0.6992063492063492 0.5240112994350282 0.05873015873015873 0.09322033898305085
5 0.8603174603174604 0.5692090395480226 0.050793650793650794 0.09887005649717515
5 0.476984126984127 0.2951977401129944 0.020634920634920634 0.07062146892655367
5 0.43492063492063493 0.2641242937853107 0.022222222222222223 0.06497175141242938
5 0.3119047619047619 0.3559322033898305 0.03968253968253968 0.06779661016949153
5 0.34285714285714286 0.8192090395480226 0.05396825396825397 0.07909604519774012