6 0.580952380952381 0.501412429378531 0.12698412698412698 0.1440677966101695
0 0.8793650793650793 0.5042372881355932 0.14603174603174604 0.1497175141242938
4 0.5007936507936508 0.4562146892655367 0.03650793650793651 0.059322033898305086
4 0.7317460317460317 0.5211864406779662 0.09523809523809523 0.08757062146892655
4 0.33174603174603173 0.3771186440677966 0.044444444444444446 0.059322033898305086
3 0.2015873015873016 0.809322033898305 0.050793650793650794 0.11581920903954802
5 0.35079365079365077 0.5084745762711864 0.031746031746031744 0.06779661016949153
5 0.4373015873015873 0.5621468926553672 0.03968253968253968 0.07344632768361582
5 0.4650793650793651 0.5423728813559322 0.03492063492063492 0.07344632768361582
5 0.5238095238095238 0.5805084745762712 0.044444444444444446 0.08192090395480225
5 0.45396825396825397 0.7542372881355932 0.05714285714285714 0.096045197740113
5 0.5587301587301587 0.652542372881356 0.05714285714285714 0.0847457627118644
5 0.8365079365079365 0.7259887005649718 0.05396825396825397 0.0903954802259887
5 0.8103174603174603 0.634180790960452 0.049206349206349205 0.08757062146892655