0 0.13095238095238096 0.3432203389830508 0.1380952380952381 0.19491525423728814
6 0.9531746031746032 0.442090395480226 0.09365079365079365 0.1384180790960452
4 0.6880952380952381 0.4209039548022599 0.10952380952380952 0.11299435028248588
4 0.8539682539682539 0.3771186440677966 0.06666666666666667 0.07627118644067797
4 0.46190476190476193 0.192090395480226 0.044444444444444446 0.04519774011299435
4 0.2611111111111111 0.4830508474576271 0.09047619047619047 0.10734463276836158
4 0.18492063492063493 0.442090395480226 0.10317460317460317 0.1271186440677966
4 0.09682539682539683 0.692090395480226 0.13015873015873017 0.1977401129943503
7 0.30396825396825394 0.2853107344632768 0.06507936507936508 0.0847457627118644
5 0.37777777777777777 0.6511299435028248 0.06031746031746032 0.11016949152542373
5 0.37777777777777777 0.3870056497175141 0.031746031746031744 0.0847457627118644
5 0.430952380952381 0.3531073446327684 0.026984126984126985 0.0847457627118644
5 0.4888888888888889 0.2951977401129944 0.025396825396825397 0.07627118644067797
5 0.4087301587301587 0.3290960451977401 0.023809523809523808 0.07627118644067797
5 0.4373015873015873 0.2711864406779661 0.01746031746031746 0.062146892655367235
5 0.4579365079365079 0.2782485875706215 0.020634920634920634 0.07062146892655367
5 0.09206349206349207 0.4519774011299435 0.03492063492063492 0.0847457627118644