0 0.7492063492063492 0.384180790960452 0.19047619047619047 0.2542372881355932
7 0.09603174603174604 0.5240112994350282 0.09047619047619047 0.1271186440677966
6 0.2865079365079365 0.24717514124293785 0.07142857142857142 0.11581920903954802
4 0.5547619047619048 0.2980225988700565 0.09047619047619047 0.08757062146892655
4 0.36984126984126986 0.17231638418079095 0.04126984126984127 0.04519774011299435
4 0.34285714285714286 0.2514124293785311 0.05396825396825397 0.05649717514124294
4 0.24682539682539684 0.3545197740112994 0.0746031746031746 0.09887005649717515
4 0.29603174603174603 0.3601694915254237 0.07777777777777778 0.09322033898305085
4 0.9611111111111111 0.4322033898305085 0.0746031746031746 0.0847457627118644
5 0.7087301587301588 0.4392655367231638 0.04285714285714286 0.07627118644067797
5 0.5619047619047619 0.3531073446327684 0.01904761904761905 0.07909604519774012
5 0.26904761904761904 0.96045197740113 0.09365079365079365 0.07909604519774012
5 0.33174603174603173 0.8432203389830508 0.07936507936507936 0.1384180790960452
5 0.4087301587301587 0.8403954802259888 0.05555555555555555 0.1271186440677966
5 0.06904761904761905 0.7641242937853108 0.03333333333333333 0.11016949152542373
5 0.09682539682539683 0.7471751412429378 0.047619047619047616 0.12146892655367232
5 0.023015873015873017 0.5042372881355932 0.03015873015873016 0.07062146892655367
5 0.26904761904761904 0.5861581920903954 0.03968253968253968 0.09322033898305085
4 0.2007936507936508 0.538135593220339 0.11587301587301588 0.1553672316384181
5 0.176984126984127 0.6581920903954802 0.03968253968253968 0.11299435028248588
5 0.2111111111111111 0.6694915254237288 0.044444444444444446 0.1016949152542373
5 0.27936507936507937 0.501412429378531 0.044444444444444446 0.08757062146892655
5 0.3198412698412698 0.5112994350282486 0.04285714285714286 0.0847457627118644
5 0.3595238095238095 0.4251412429378531 0.03333333333333333 0.08757062146892655
5 0.30952380952380953 0.4011299435028249 0.031746031746031744 0.05649717514124294
5 0.3103174603174603 0.4463276836158192 0.04285714285714286 0.07344632768361582
5 0.42936507936507934 0.5720338983050848 0.046031746031746035 0.11016949152542373
5 0.8277777777777777 0.6002824858757062 0.05238095238095238 0.09322033898305085
5 0.43174603174603177 0.3771186440677966 0.025396825396825397 0.09322033898305085
5 0.4658730158730159 0.3912429378531073 0.026984126984126985 0.08192090395480225
5 0.49603174603174605 0.384180790960452 0.020634920634920634 0.0903954802259887
5 0.5190476190476191 0.4011299435028249 0.025396825396825397 0.0847457627118644
5 0.5325396825396825 0.3545197740112994 0.01746031746031746 0.08192090395480225