0 0.5944444444444444 0.3008474576271186 0.1761904761904762 0.19491525423728814
6 0.36984126984126986 0.18220338983050846 0.05714285714285714 0.08192090395480225
4 0.15634920634920635 0.596045197740113 0.10634920634920635 0.1694915254237288
4 0.19206349206349208 0.4251412429378531 0.08888888888888889 0.12146892655367232
4 0.27380952380952384 0.384180790960452 0.08095238095238096 0.1016949152542373
4 0.29444444444444445 0.3022598870056497 0.06507936507936508 0.06779661016949153
4 0.4515873015873016 0.25 0.07777777777777778 0.07062146892655367
4 0.8468253968253968 0.3742937853107345 0.0746031746031746 0.07062146892655367
4 0.9611111111111111 0.4350282485875706 0.0746031746031746 0.0903954802259887
7 0.03571428571428571 0.6200564971751412 0.07142857142857142 0.16101694915254236
5 0.49126984126984125 0.442090395480226 0.03333333333333333 0.09322033898305085
5 0.5619047619047619 0.4011299435028249 0.01904761904761905 0.0903954802259887
5 0.1865079365079365 0.7401129943502824 0.049206349206349205 0.11299435028248588