5 0.49609375 0.7909722222222222 0.16875 0.41805555555555557
5 0.875 0.7215277777777778 0.153125 0.3263888888888889
5 0.838671875 0.5458333333333333 0.10546875 0.21944444444444444
5 0.73515625 0.5680555555555555 0.1 0.25555555555555554
5 0.634765625 0.5277777777777778 0.09765625 0.2611111111111111
5 0.587109375 0.4361111111111111 0.06015625 0.20833333333333334
5 0.48671875 0.3958333333333333 0.0609375 0.18333333333333332
5 0.45 0.35694444444444445 0.0421875 0.15833333333333333
5 0.46875 0.2951388888888889 0.0296875 0.10138888888888889
5 0.38671875 0.28888888888888886 0.0296875 0.13055555555555556
5 0.2953125 0.39652777777777776 0.0453125 0.19305555555555556
5 0.201953125 0.4111111111111111 0.04609375 0.2
5 0.36953125 0.2548611111111111 0.0265625 0.10694444444444444
5 0.340234375 0.22569444444444445 0.02421875 0.0875
5 0.290234375 0.23680555555555555 0.02265625 0.09027777777777778
5 0.333203125 0.19236111111111112 0.01484375 0.06527777777777778
4 0.325390625 0.17152777777777778 0.03515625 0.05138888888888889