4 0.9333333333333333 0.5409604519774012 0.10476190476190476 0.1327683615819209
6 0.9626984126984127 0.4632768361581921 0.07142857142857142 0.14124293785310735
4 0.85 0.3799435028248588 0.06825396825396825 0.08192090395480225
4 0.06587301587301587 0.6129943502824858 0.11904761904761904 0.1694915254237288
4 0.09841269841269841 0.692090395480226 0.1111111111111111 0.1864406779661017
4 0.26746031746031745 0.4774011299435028 0.10317460317460317 0.13559322033898305
4 0.34285714285714286 0.3192090395480226 0.0761904761904762 0.0847457627118644
7 0.21904761904761905 0.3771186440677966 0.07936507936507936 0.11016949152542373
4 0.353968253968254 0.23587570621468926 0.06666666666666667 0.06497175141242938
4 0.2150793650793651 0.2980225988700565 0.05555555555555555 0.05367231638418079
7 0.28888888888888886 0.2062146892655367 0.06666666666666667 0.07909604519774012
4 0.2849206349206349 0.2570621468926554 0.06507936507936508 0.0847457627118644
0 0.38492063492063494 0.13983050847457626 0.06507936507936508 0.08192090395480225
4 0.46904761904761905 0.1440677966101695 0.03333333333333333 0.03954802259887006
5 0.7373015873015873 0.3432203389830508 0.03333333333333333 0.059322033898305086
5 0.7150793650793651 0.2740112994350282 0.03015873015873016 0.05084745762711865
5 0.8547619047619047 0.4209039548022599 0.03968253968253968 0.06779661016949153
5 0.8134920634920635 0.4011299435028249 0.03968253968253968 0.062146892655367235
5 0.5865079365079365 0.5042372881355932 0.05238095238095238 0.09322033898305085
5 0.45 0.5692090395480226 0.049206349206349205 0.11016949152542373
5 0.4142857142857143 0.3912429378531073 0.031746031746031744 0.09322033898305085
5 0.5174603174603175 0.3531073446327684 0.022222222222222223 0.07909604519774012
5 0.3349206349206349 0.4661016949152542 0.047619047619047616 0.0903954802259887
3 0.46190476190476193 0.307909604519774 0.022222222222222223 0.07909604519774012
5 0.376984126984127 0.3192090395480226 0.03333333333333333 0.07344632768361582
5 0.4119047619047619 0.2909604519774011 0.020634920634920634 0.062146892655367235
5 0.4984126984126984 0.3290960451977401 0.01904761904761905 0.07627118644067797
5 0.18095238095238095 0.7062146892655368 0.050793650793650794 0.11864406779661017
5 0.30158730158730157 0.9449152542372882 0.08571428571428572 0.10451977401129943
5 0.3277777777777778 0.8403954802259888 0.08412698412698413 0.11581920903954802
5 0.4119047619047619 0.8361581920903954 0.05873015873015873 0.13559322033898305
5 0.346031746031746 0.7203389830508474 0.06031746031746032 0.11864406779661017
5 0.2857142857142857 0.3799435028248588 0.0380952380952381 0.07062146892655367
5 0.2714285714285714 0.3121468926553672 0.03492063492063492 0.059322033898305086
5 0.1126984126984127 0.3531073446327684 0.02857142857142857 0.05649717514124294
5 0.031746031746031744 0.480225988700565 0.02857142857142857 0.07344632768361582