5 0.5390625 0.8131944444444444 0.1796875 0.3736111111111111
5 0.967578125 0.83125 0.06484375 0.1763888888888889
5 0.79140625 0.65 0.13125 0.3
5 0.870703125 0.5701388888888889 0.11484375 0.27361111111111114
5 0.682421875 0.5083333333333333 0.07109375 0.2388888888888889
5 0.587890625 0.4951388888888889 0.08046875 0.24305555555555555
5 0.55234375 0.3715277777777778 0.0453125 0.16805555555555557
5 0.455859375 0.38333333333333336 0.05078125 0.16944444444444445
5 0.437109375 0.23055555555555557 0.03203125 0.125
5 0.31640625 0.4284722222222222 0.0484375 0.2125
5 0.209375 0.44375 0.05 0.2125
5 0.374609375 0.28055555555555556 0.02890625 0.11944444444444445
5 0.355859375 0.26180555555555557 0.02578125 0.10138888888888889
5 0.325390625 0.18819444444444444 0.01640625 0.06527777777777778
5 0.289453125 0.22152777777777777 0.02109375 0.08194444444444444
5 0.2703125 0.175 0.0171875 0.06388888888888888
5 0.287890625 0.17083333333333334 0.01484375 0.044444444444444446