5 0.376953125 0.7020833333333333 0.13359375 0.4986111111111111
5 0.26796875 0.3402777777777778 0.0328125 0.15555555555555556
5 0.416796875 0.3263888888888889 0.03515625 0.15
5 0.492578125 0.41597222222222224 0.04921875 0.19583333333333333
5 0.56015625 0.4576388888888889 0.0671875 0.2125
5 0.521484375 0.3541666666666667 0.03828125 0.15
5 0.67421875 0.5263888888888889 0.090625 0.2611111111111111
5 0.7828125 0.6284722222222222 0.13125 0.31805555555555554
5 0.91015625 0.6618055555555555 0.1375 0.3125
5 0.188671875 0.3611111111111111 0.03671875 0.16944444444444445
5 0.391796875 0.28402777777777777 0.03046875 0.12638888888888888
5 0.355078125 0.24097222222222223 0.02421875 0.09583333333333334
5 0.305859375 0.25069444444444444 0.02578125 0.09861111111111111
4 0.326171875 0.16458333333333333 0.02890625 0.05138888888888889
3 0.2109375 0.225 0.025 0.08611111111111111