0 0.07222222222222222 0.4081920903954802 0.14444444444444443 0.2062146892655367
4 0.11666666666666667 0.6680790960451978 0.12857142857142856 0.2062146892655367
4 0.2698412698412698 0.4731638418079096 0.11428571428571428 0.1271186440677966
4 0.21984126984126984 0.3983050847457627 0.09365079365079365 0.10734463276836158
4 0.4738095238095238 0.17796610169491525 0.03968253968253968 0.04519774011299435
4 0.7753968253968254 0.4661016949152542 0.11587301587301588 0.12429378531073447
4 0.8523809523809524 0.3771186440677966 0.06349206349206349 0.07627118644067797
7 0.33174603174603173 0.2612994350282486 0.06031746031746032 0.08192090395480225
7 0.05555555555555555 0.5677966101694916 0.1111111111111111 0.1638418079096045
6 0.953968253968254 0.4491525423728814 0.09206349206349207 0.14124293785310735
5 0.4658730158730159 0.5621468926553672 0.05238095238095238 0.096045197740113
5 0.38492063492063494 0.3884180790960452 0.03333333333333333 0.08192090395480225
5 0.35 0.480225988700565 0.04285714285714286 0.1016949152542373
5 0.43253968253968256 0.3093220338983051 0.023809523809523808 0.07627118644067797
5 0.46984126984126984 0.288135593220339 0.022222222222222223 0.07344632768361582
5 0.5357142857142857 0.24293785310734464 0.01746031746031746 0.062146892655367235