5 0.522265625 0.8041666666666667 0.17265625 0.39166666666666666
5 0.8203125 0.6722222222222223 0.140625 0.3055555555555556
5 0.889453125 0.5736111111111111 0.13203125 0.2722222222222222
5 0.705078125 0.5256944444444445 0.08359375 0.24305555555555555
5 0.60390625 0.5083333333333333 0.0890625 0.25
5 0.560546875 0.40555555555555556 0.04921875 0.175
5 0.46953125 0.38263888888888886 0.05625 0.1763888888888889
5 0.44140625 0.3263888888888889 0.0390625 0.1361111111111111
5 0.379296875 0.2833333333333333 0.03515625 0.12777777777777777
5 0.30859375 0.4131944444444444 0.05 0.20416666666666666
5 0.204296875 0.4326388888888889 0.04765625 0.20694444444444443
5 0.2890625 0.21736111111111112 0.0234375 0.0875
5 0.34296875 0.225 0.0234375 0.08611111111111111
5 0.32890625 0.19236111111111112 0.0171875 0.06527777777777778
4 0.300390625 0.15625 0.03671875 0.05416666666666667