0 0.8888888888888888 0.461864406779661 0.19047619047619047 0.2796610169491525
7 0.14603174603174604 0.4675141242937853 0.08571428571428572 0.1327683615819209
4 0.2849206349206349 0.3064971751412429 0.06825396825396825 0.08192090395480225
4 0.30396825396825394 0.3502824858757062 0.08412698412698413 0.0903954802259887
4 0.38492063492063494 0.21045197740112995 0.04285714285714286 0.05367231638418079
4 0.3404761904761905 0.18926553672316385 0.046031746031746035 0.04519774011299435
4 0.6428571428571429 0.3432203389830508 0.09841269841269841 0.09887005649717515
7 0.38571428571428573 0.14548022598870056 0.047619047619047616 0.05367231638418079
4 0.40634920634920635 0.16101694915254236 0.04126984126984127 0.05084745762711865
0 0.4388888888888889 0.10734463276836158 0.05555555555555555 0.05649717514124294
4 0.22301587301587303 0.5240112994350282 0.11587301587301588 0.1553672316384181
5 0.41349206349206347 0.8361581920903954 0.05238095238095238 0.12429378531073447
5 0.33174603174603173 0.8361581920903954 0.07936507936507936 0.12994350282485875
5 0.30396825396825394 0.9491525423728814 0.09047619047619047 0.1016949152542373
5 0.1373015873015873 0.6271186440677966 0.03968253968253968 0.10734463276836158
5 0.21904761904761905 0.634180790960452 0.044444444444444446 0.11016949152542373
5 0.12698412698412698 0.7062146892655368 0.05396825396825397 0.07909604519774012
5 0.14285714285714285 0.7641242937853108 0.050793650793650794 0.09322033898305085
5 0.27380952380952384 0.557909604519774 0.04285714285714286 0.09887005649717515
5 0.3357142857142857 0.5 0.03968253968253968 0.0903954802259887
5 0.2714285714285714 0.3983050847457627 0.0380952380952381 0.07344632768361582
5 0.39285714285714285 0.4322033898305085 0.03650793650793651 0.0847457627118644
5 0.3603174603174603 0.4209039548022599 0.031746031746031744 0.0847457627118644
5 0.3547619047619048 0.3672316384180791 0.04285714285714286 0.07344632768361582
5 0.40476190476190477 0.3700564971751412 0.02857142857142857 0.07909604519774012
5 0.33650793650793653 0.2782485875706215 0.03492063492063492 0.05367231638418079
5 0.5492063492063493 0.4251412429378531 0.031746031746031744 0.09322033898305085
5 0.36984126984126986 0.2711864406779661 0.031746031746031744 0.05084745762711865
5 0.5373015873015873 0.3601694915254237 0.01746031746031746 0.07627118644067797
5 0.5166666666666667 0.3531073446327684 0.020634920634920634 0.07909604519774012
5 0.45634920634920634 0.3361581920903955 0.01746031746031746 0.0847457627118644
5 0.4380952380952381 0.326271186440678 0.022222222222222223 0.07627118644067797
5 0.48333333333333334 0.346045197740113 0.023809523809523808 0.07627118644067797
5 0.41825396825396827 0.2231638418079096 0.01746031746031746 0.05084745762711865
5 0.376984126984127 0.3192090395480226 0.020634920634920634 0.06779661016949153
5 0.2357142857142857 0.24717514124293785 0.01746031746031746 0.05367231638418079
6 0.1880952380952381 0.3333333333333333 0.09365079365079365 0.14124293785310735
5 0.12777777777777777 0.3983050847457627 0.026984126984126985 0.05649717514124294
5 0.10873015873015873 0.3531073446327684 0.023809523809523808 0.04519774011299435
5 0.08412698412698413 0.384180790960452 0.02857142857142857 0.05649717514124294
4 0.04047619047619048 0.8361581920903954 0.08095238095238096 0.23728813559322035
5 0.07301587301587302 0.8361581920903954 0.06349206349206349 0.10734463276836158
5 0.5126984126984127 0.2514124293785311 0.012698412698412698 0.05649717514124294
5 0.49206349206349204 0.2740112994350282 0.012698412698412698 0.05649717514124294
5 0.5055555555555555 0.3149717514124294 0.014285714285714285 0.06497175141242938
5 0.8293650793650794 0.5211864406779662 0.046031746031746035 0.09322033898305085
5 0.9761904761904762 0.672316384180791 0.047619047619047616 0.0847457627118644