4 0.28809523809523807 0.4971751412429379 0.08095238095238096 0.07909604519774012
4 0.5047619047619047 0.384180790960452 0.047619047619047616 0.05084745762711865
4 0.5873015873015873 0.5042372881355932 0.10793650793650794 0.09887005649717515
4 0.15634920634920635 0.5042372881355932 0.05873015873015873 0.07627118644067797
3 0.20714285714285716 0.809322033898305 0.05555555555555555 0.10451977401129943
4 0.31587301587301586 0.3771186440677966 0.04126984126984127 0.0423728813559322
4 0.746031746031746 0.4491525423728814 0.06984126984126984 0.062146892655367235
4 0.7150793650793651 0.6002824858757062 0.05873015873015873 0.1553672316384181
4 0.42698412698412697 0.3601694915254237 0.044444444444444446 0.0480225988700565
6 0.38571428571428573 0.3672316384180791 0.07301587301587302 0.096045197740113
0 0.27380952380952384 0.3290960451977401 0.06825396825396825 0.059322033898305086
4 0.25476190476190474 0.4011299435028249 0.023809523809523808 0.04519774011299435
5 0.20952380952380953 0.4872881355932203 0.031746031746031744 0.059322033898305086
5 0.4738095238095238 0.4731638418079096 0.023809523809523808 0.06497175141242938
5 0.5126984126984127 0.442090395480226 0.02857142857142857 0.059322033898305086
5 0.6507936507936508 0.480225988700565 0.031746031746031744 0.05649717514124294
5 0.5365079365079365 0.6129943502824858 0.044444444444444446 0.0903954802259887
5 0.5547619047619048 0.5833333333333334 0.04285714285714286 0.08192090395480225
5 0.38492063492063494 0.4491525423728814 0.023809523809523808 0.062146892655367235
5 0.08174603174603175 0.617231638418079 0.03650793650793651 0.07062146892655367
5 0.1007936507936508 0.559322033898305 0.03333333333333333 0.05649717514124294
5 0.046825396825396826 0.7372881355932204 0.03650793650793651 0.05649717514124294
5 0.031746031746031744 0.8050847457627118 0.047619047619047616 0.0903954802259887
5 0.07777777777777778 0.9138418079096046 0.06031746031746032 0.09887005649717515
5 0.14682539682539683 0.8771186440677966 0.05238095238095238 0.10451977401129943
5 0.25476190476190474 0.943502824858757 0.05873015873015873 0.11299435028248588
5 0.32301587301587303 0.8601694915254238 0.04285714285714286 0.11016949152542373
5 0.38333333333333336 0.884180790960452 0.049206349206349205 0.14124293785310735
5 0.31746031746031744 0.9505649717514124 0.05714285714285714 0.09887005649717515
5 0.48095238095238096 0.7330508474576272 0.047619047619047616 0.10451977401129943
5 0.6626984126984127 0.6963276836158192 0.05555555555555555 0.08192090395480225
5 0.8055555555555556 0.75 0.05238095238095238 0.09322033898305085
5 0.8539682539682539 0.7231638418079096 0.04126984126984127 0.0847457627118644
5 0.95 0.7231638418079096 0.04285714285714286 0.07909604519774012
5 0.7849206349206349 0.5451977401129944 0.03650793650793651 0.05649717514124294
5 0.8849206349206349 0.5141242937853108 0.03015873015873016 0.05649717514124294
5 0.7468253968253968 0.5621468926553672 0.03333333333333333 0.07344632768361582