4 0.289453125 0.17916666666666667 0.04921875 0.07222222222222222
4 0.326171875 0.1638888888888889 0.03515625 0.04722222222222222
5 0.185546875 0.2916666666666667 0.02890625 0.125
5 0.253515625 0.25972222222222224 0.02421875 0.10833333333333334
5 0.351171875 0.32222222222222224 0.04140625 0.14166666666666666
5 0.350390625 0.22916666666666666 0.03046875 0.07777777777777778
5 0.376171875 0.2861111111111111 0.02578125 0.12222222222222222
5 0.372265625 0.21458333333333332 0.02109375 0.0625
5 0.455859375 0.3013888888888889 0.03515625 0.11944444444444445
5 0.469921875 0.37083333333333335 0.04453125 0.18333333333333332
5 0.517578125 0.4388888888888889 0.06171875 0.20833333333333334
5 0.22109375 0.5173611111111112 0.0703125 0.2763888888888889
5 0.647265625 0.4951388888888889 0.07578125 0.1986111111111111
5 0.690234375 0.6083333333333333 0.10546875 0.2916666666666667
5 0.818359375 0.6201388888888889 0.13984375 0.29305555555555557
5 0.876953125 0.5666666666666667 0.08984375 0.275