4 0.451171875 0.9194444444444444 0.23671875 0.16111111111111112
4 0.129296875 0.7388888888888889 0.11953125 0.13055555555555556
2 0.626171875 0.6541666666666667 0.11328125 0.17222222222222222
2 0.741015625 0.6013888888888889 0.11796875 0.1527777777777778
4 0.240234375 0.7361111111111112 0.13671875 0.125
6 0.904296875 0.8548611111111111 0.19140625 0.2902777777777778
2 0.80703125 0.5680555555555555 0.0640625 0.10833333333333334
4 0.904296875 0.675 0.06328125 0.08333333333333333
4 0.929296875 0.6118055555555556 0.03828125 0.05138888888888889
5 0.2421875 0.9368055555555556 0.0625 0.12638888888888888
5 0.086328125 0.85625 0.04140625 0.1375
4 0.030859375 0.9118055555555555 0.06171875 0.1763888888888889
4 0.041015625 0.7583333333333333 0.08203125 0.13055555555555556
4 0.034765625 0.6930555555555555 0.06953125 0.09444444444444444