5 0.08515625 0.7746376811594203 0.0375 0.13768115942028986
7 0.579296875 0.3615942028985507 0.07421875 0.1463768115942029
7 0.504296875 0.4115942028985507 0.07734375 0.18840579710144928
5 0.03828125 0.7681159420289855 0.0453125 0.16231884057971013
5 0.903515625 0.6528985507246376 0.05078125 0.15797101449275364
4 0.262109375 0.44855072463768114 0.05859375 0.12028985507246377
5 0.1453125 0.7072463768115942 0.040625 0.15942028985507245
4 0.598046875 0.6927536231884058 0.12265625 0.24347826086956523
5 0.728125 0.5021739130434782 0.0328125 0.11739130434782609
5 0.63125 0.3282608695652174 0.0203125 0.07391304347826087
5 0.654296875 0.41884057971014493 0.02578125 0.08985507246376812
5 0.74921875 0.4420289855072464 0.028125 0.09855072463768116