6 0.5079365079365079 0.4251412429378531 0.10476190476190476 0.1384180790960452
0 0.35555555555555557 0.3361581920903955 0.11746031746031746 0.07344632768361582
6 0.8555555555555555 0.5282485875706214 0.10476190476190476 0.13559322033898305
4 0.7309523809523809 0.556497175141243 0.10952380952380952 0.11299435028248588
4 0.7841269841269841 0.71045197740113 0.047619047619047616 0.08192090395480225
5 0.903968253968254 0.768361581920904 0.049206349206349205 0.0903954802259887
4 0.9611111111111111 0.7344632768361582 0.0746031746031746 0.11864406779661017
4 0.9785714285714285 0.6002824858757062 0.04285714285714286 0.07627118644067797
4 0.4007936507936508 0.4180790960451977 0.05555555555555555 0.05649717514124294
4 0.5087301587301587 0.3361581920903955 0.026984126984126985 0.04519774011299435
4 0.22936507936507936 0.442090395480226 0.046031746031746035 0.06497175141242938
0 0.2365079365079365 0.3672316384180791 0.050793650793650794 0.0903954802259887
3 0.2007936507936508 0.809322033898305 0.05555555555555555 0.10451977401129943
5 0.25793650793650796 0.943502824858757 0.06190476190476191 0.11299435028248588
5 0.07539682539682539 0.9180790960451978 0.06190476190476191 0.10734463276836158
5 0.05793650793650794 0.7824858757062146 0.046031746031746035 0.0847457627118644
5 0.11904761904761904 0.5903954802259888 0.0380952380952381 0.07344632768361582
5 0.051587301587301584 0.6285310734463276 0.03968253968253968 0.08192090395480225
5 0.014285714285714285 0.6313559322033898 0.02857142857142857 0.07627118644067797
5 0.23333333333333334 0.6242937853107344 0.04126984126984127 0.0847457627118644
5 0.29285714285714287 0.5409604519774012 0.04285714285714286 0.07062146892655367
5 0.22142857142857142 0.5621468926553672 0.03968253968253968 0.07344632768361582
5 0.28174603174603174 0.4901129943502825 0.03650793650793651 0.05367231638418079
5 0.24682539682539684 0.4774011299435028 0.020634920634920634 0.05084745762711865
5 0.39206349206349206 0.5861581920903954 0.047619047619047616 0.07627118644067797
5 0.4166666666666667 0.5141242937853108 0.03650793650793651 0.07344632768361582
5 0.46111111111111114 0.5141242937853108 0.03968253968253968 0.062146892655367235
5 0.48412698412698413 0.4731638418079096 0.02857142857142857 0.06497175141242938
5 0.5198412698412699 0.5112994350282486 0.03968253968253968 0.05084745762711865
5 0.4507936507936508 0.7401129943502824 0.047619047619047616 0.1016949152542373
5 0.5468253968253968 0.6822033898305084 0.05238095238095238 0.09887005649717515
5 0.5674603174603174 0.6101694915254238 0.049206349206349205 0.07909604519774012
5 0.6087301587301587 0.6751412429378532 0.05555555555555555 0.0903954802259887
5 0.6785714285714286 0.6963276836158192 0.05238095238095238 0.08757062146892655
5 0.5611111111111111 0.9533898305084746 0.09047619047619047 0.09322033898305085
5 0.29444444444444445 0.422316384180791 0.014285714285714285 0.059322033898305086
5 0.35793650793650794 0.4844632768361582 0.03015873015873016 0.06497175141242938
5 0.326984126984127 0.4138418079096045 0.015873015873015872 0.05367231638418079
5 0.023809523809523808 0.7401129943502824 0.025396825396825397 0.1016949152542373