0 0.3388888888888889 0.3361581920903955 0.10952380952380952 0.07344632768361582
5 0.4023809523809524 0.8220338983050848 0.04285714285714286 0.12429378531073447
5 0.5079365079365079 0.713276836158192 0.047619047619047616 0.09887005649717515
5 0.48095238095238096 0.5833333333333334 0.044444444444444446 0.07627118644067797
5 0.569047619047619 0.5861581920903954 0.05238095238095238 0.11016949152542373
5 0.5746031746031746 0.6822033898305084 0.050793650793650794 0.10451977401129943
5 0.7603174603174603 0.6793785310734464 0.044444444444444446 0.09322033898305085
5 0.5507936507936508 0.4971751412429379 0.0380952380952381 0.05649717514124294
5 0.276984126984127 0.5692090395480226 0.03650793650793651 0.07062146892655367
5 0.3595238095238095 0.5084745762711864 0.03968253968253968 0.06779661016949153
4 0.2388888888888889 0.4293785310734463 0.03968253968253968 0.05649717514124294
4 0.37936507936507935 0.403954802259887 0.050793650793650794 0.05084745762711865
4 0.5174603174603175 0.3502824858757062 0.0380952380952381 0.04519774011299435
4 0.6888888888888889 0.5451977401129944 0.10476190476190476 0.12429378531073447
4 0.8920634920634921 0.7019774011299436 0.11746031746031746 0.12146892655367232
6 0.4793650793650794 0.4081920903954802 0.09523809523809523 0.12146892655367232
6 0.8563492063492063 0.5254237288135594 0.10634920634920635 0.12994350282485875