4 0.7579365079365079 0.4251412429378531 0.10634920634920635 0.1271186440677966
4 0.8492063492063492 0.3771186440677966 0.06349206349206349 0.07627118644067797
4 0.9611111111111111 0.4251412429378531 0.07142857142857142 0.06497175141242938
4 0.06190476190476191 0.7542372881355932 0.12063492063492064 0.20903954802259886
4 0.0373015873015873 0.6793785310734464 0.0746031746031746 0.16666666666666666
6 0.047619047619047616 0.4971751412429379 0.09523809523809523 0.2033898305084746
7 0.18174603174603174 0.422316384180791 0.08412698412698413 0.12146892655367232
4 0.24206349206349206 0.5042372881355932 0.10952380952380952 0.16101694915254236
4 0.31587301587301586 0.3432203389830508 0.0761904761904762 0.08757062146892655
4 0.29603174603174603 0.22598870056497175 0.049206349206349205 0.062146892655367235
4 0.3198412698412698 0.268361581920904 0.06825396825396825 0.06779661016949153
4 0.3619047619047619 0.19491525423728814 0.050793650793650794 0.06779661016949153
7 0.35079365079365077 0.1694915254237288 0.05714285714285714 0.06779661016949153
4 0.4238095238095238 0.17796610169491525 0.04126984126984127 0.03954802259887006
0 0.41904761904761906 0.12005649717514125 0.06031746031746032 0.07062146892655367
5 0.9674603174603175 0.6313559322033898 0.04285714285714286 0.08757062146892655
0 0.9658730158730159 0.5240112994350282 0.06507936507936508 0.20056497175141244
5 0.4119047619047619 0.8432203389830508 0.05873015873015873 0.1440677966101695
5 0.30238095238095236 0.9463276836158192 0.08412698412698413 0.10734463276836158
5 0.28174603174603174 0.8192090395480226 0.06190476190476191 0.11864406779661017
5 0.32857142857142857 0.8319209039548022 0.08571428571428572 0.11581920903954802
5 0.403968253968254 0.6200564971751412 0.05555555555555555 0.11016949152542373
5 0.0992063492063492 0.8531073446327684 0.05873015873015873 0.11299435028248588
5 0.16746031746031745 0.7401129943502824 0.05238095238095238 0.10734463276836158
5 0.20396825396825397 0.655367231638418 0.049206349206349205 0.1016949152542373
5 0.16587301587301587 0.6624293785310734 0.04285714285714286 0.09887005649717515
5 0.17857142857142858 0.518361581920904 0.03333333333333333 0.10451977401129943
5 0.3 0.5353107344632768 0.044444444444444446 0.09322033898305085
5 0.37777777777777777 0.4759887005649718 0.05396825396825397 0.08757062146892655
5 0.35714285714285715 0.3954802259887006 0.02857142857142857 0.0847457627118644
5 0.4158730158730159 0.4251412429378531 0.0380952380952381 0.08757062146892655
3 0.39285714285714285 0.3912429378531073 0.03333333333333333 0.08757062146892655
5 0.44841269841269843 0.3601694915254237 0.03015873015873016 0.07627118644067797
5 0.35793650793650794 0.2711864406779661 0.03333333333333333 0.05649717514124294
5 0.5507936507936508 0.3220338983050847 0.01904761904761905 0.07344632768361582
5 0.5277777777777778 0.3192090395480226 0.01746031746031746 0.07344632768361582
5 0.4722222222222222 0.2980225988700565 0.01746031746031746 0.07627118644067797
5 0.5023809523809524 0.2951977401129944 0.014285714285714285 0.07062146892655367
5 0.7158730158730159 0.2782485875706215 0.031746031746031744 0.05367231638418079
5 0.7357142857142858 0.3403954802259887 0.03650793650793651 0.05367231638418079