5 0.307421875 0.6583333333333333 0.10234375 0.36666666666666664
5 0.1859375 0.33125 0.0328125 0.14583333333333334
5 0.25703125 0.3034722222222222 0.034375 0.1375
5 0.625390625 0.47847222222222224 0.08828125 0.24305555555555555
5 0.5421875 0.4486111111111111 0.0625 0.2222222222222222
5 0.440234375 0.36319444444444443 0.04296875 0.16527777777777777
5 0.41796875 0.3111111111111111 0.034375 0.1388888888888889
5 0.321875 0.2791666666666667 0.0328125 0.10555555555555556
5 0.361328125 0.2534722222222222 0.02578125 0.10416666666666667
5 0.352734375 0.18819444444444444 0.02265625 0.0763888888888889
5 0.319140625 0.21041666666666667 0.02421875 0.07361111111111111
4 0.275 0.15833333333333333 0.0453125 0.06388888888888888
4 0.32265625 0.175 0.0375 0.05277777777777778
4 0.302734375 0.14652777777777778 0.02265625 0.043055555555555555
5 0.55546875 0.39375 0.0484375 0.1486111111111111
5 0.78515625 0.5930555555555556 0.134375 0.2833333333333333
5 0.877734375 0.575 0.09140625 0.2611111111111111
5 0.92421875 0.7173611111111111 0.15 0.3486111111111111