5 0.722265625 0.45 0.03828125 0.13478260869565217
5 0.683203125 0.4427536231884058 0.03984375 0.1144927536231884
5 0.65625 0.34202898550724636 0.0265625 0.0927536231884058
5 0.625 0.34855072463768116 0.0265625 0.08550724637681159
4 0.23203125 0.48043478260869565 0.0625 0.1144927536231884
4 0.076171875 0.9304347826086956 0.15078125 0.1391304347826087
7 0.2640625 0.6239130434782608 0.1140625 0.2971014492753623
5 0.81328125 0.5652173913043478 0.0484375 0.15072463768115943
5 0.112109375 0.6304347826086957 0.03984375 0.13043478260869565
5 0.153515625 0.5144927536231884 0.02578125 0.0927536231884058
4 0.34921875 0.3869565217391304 0.053125 0.1072463768115942