0 0.6134920634920635 0.3093220338983051 0.17936507936507937 0.19491525423728814
4 0.4650793650793651 0.2584745762711864 0.07936507936507936 0.07062146892655367
4 0.2777777777777778 0.3799435028248588 0.07936507936507936 0.09887005649717515
4 0.30238095238095236 0.2951977401129944 0.06190476190476191 0.059322033898305086
4 0.2 0.4110169491525424 0.08571428571428572 0.11016949152542373
4 0.15873015873015872 0.5861581920903954 0.09523809523809523 0.1553672316384181
7 0.047619047619047616 0.617231638418079 0.09523809523809523 0.17231638418079095
4 0.8484126984126984 0.3771186440677966 0.07777777777777778 0.08192090395480225
4 0.9619047619047619 0.4322033898305085 0.0761904761904762 0.0903954802259887
6 0.35793650793650794 0.1850282485875706 0.05873015873015873 0.08757062146892655
5 0.5626984126984127 0.3940677966101695 0.020634920634920634 0.09322033898305085
5 0.4928571428571429 0.4364406779661017 0.03015873015873016 0.08757062146892655
5 0.5103174603174603 0.3601694915254237 0.01746031746031746 0.07627118644067797
5 0.5253968253968254 0.3983050847457627 0.01904761904761905 0.0847457627118644
5 0.20396825396825397 0.7062146892655368 0.046031746031746035 0.10734463276836158
5 0.3547619047619048 0.2810734463276836 0.020634920634920634 0.059322033898305086
5 0.476984126984127 0.3813559322033898 0.020634920634920634 0.0847457627118644