4 0.321875 0.16597222222222222 0.0359375 0.05138888888888889
5 0.236328125 0.19722222222222222 0.01796875 0.06944444444444445
3 0.405078125 0.2298611111111111 0.01796875 0.09305555555555556
5 0.207421875 0.19791666666666666 0.01640625 0.0625
5 0.25703125 0.21736111111111112 0.01875 0.07083333333333333
5 0.25234375 0.2548611111111111 0.021875 0.10138888888888889
5 0.225390625 0.2791666666666667 0.03046875 0.12777777777777777
5 0.313671875 0.3840277777777778 0.04765625 0.19305555555555556
5 0.404296875 0.46458333333333335 0.06484375 0.25416666666666665
5 0.468359375 0.6965277777777777 0.10546875 0.3875
5 0.90859375 0.5840277777777778 0.121875 0.2791666666666667