5 0.39126984126984127 0.8290960451977402 0.03968253968253968 0.1327683615819209
5 0.4587301587301587 0.7542372881355932 0.050793650793650794 0.10734463276836158
5 0.4753968253968254 0.8983050847457628 0.05238095238095238 0.12429378531073447
5 0.523015873015873 0.6864406779661016 0.05555555555555555 0.096045197740113
5 0.5920634920634921 0.6751412429378532 0.050793650793650794 0.0903954802259887
5 0.5825396825396826 0.5932203389830508 0.050793650793650794 0.06779661016949153
5 0.4087301587301587 0.614406779661017 0.05238095238095238 0.08192090395480225
5 0.6698412698412698 0.6412429378531074 0.047619047619047616 0.07909604519774012
5 0.6880952380952381 0.6822033898305084 0.05555555555555555 0.09322033898305085
5 0.776984126984127 0.730225988700565 0.05555555555555555 0.09322033898305085
5 0.8063492063492064 0.6610169491525424 0.044444444444444446 0.0903954802259887
5 0.753968253968254 0.6242937853107344 0.050793650793650794 0.07909604519774012
5 0.07698412698412699 0.9152542372881356 0.06190476190476191 0.10734463276836158
3 0.2 0.809322033898305 0.05396825396825397 0.11581920903954802
5 0.32142857142857145 0.942090395480226 0.03968253968253968 0.11581920903954802
5 0.2619047619047619 0.9350282485875706 0.05714285714285714 0.12429378531073447
5 0.07698412698412699 0.634180790960452 0.03968253968253968 0.07062146892655367
5 0.018253968253968255 0.634180790960452 0.03333333333333333 0.07062146892655367
5 0.046825396825396826 0.751412429378531 0.03968253968253968 0.096045197740113
5 0.24603174603174602 0.576271186440678 0.04126984126984127 0.07344632768361582
5 0.3119047619047619 0.5522598870056498 0.04285714285714286 0.07627118644067797
4 0.20396825396825397 0.4689265536723164 0.049206349206349205 0.06779661016949153
4 0.4373015873015873 0.442090395480226 0.06190476190476191 0.07062146892655367
0 0.23809523809523808 0.3672316384180791 0.050793650793650794 0.0903954802259887
0 0.3817460317460317 0.3361581920903955 0.12857142857142856 0.06779661016949153
5 0.31587301587301586 0.4858757062146893 0.031746031746031744 0.06779661016949153
5 0.35 0.5310734463276836 0.03650793650793651 0.07344632768361582
5 0.37857142857142856 0.5141242937853108 0.03968253968253968 0.062146892655367235
5 0.43412698412698414 0.5141242937853108 0.03650793650793651 0.062146892655367235
5 0.49523809523809526 0.5112994350282486 0.031746031746031744 0.07909604519774012
5 0.503968253968254 0.4901129943502825 0.026984126984126985 0.06497175141242938
5 0.4714285714285714 0.3672316384180791 0.01904761904761905 0.04519774011299435
5 0.30793650793650795 0.4293785310734463 0.01904761904761905 0.05084745762711865
5 0.3119047619047619 0.384180790960452 0.011111111111111112 0.04519774011299435
5 0.2650793650793651 0.4322033898305085 0.015873015873015872 0.05084745762711865
5 0.28095238095238095 0.4110169491525424 0.01904761904761905 0.0480225988700565
5 0.3325396825396825 0.4533898305084746 0.023809523809523808 0.05367231638418079
5 0.376984126984127 0.4590395480225989 0.023809523809523808 0.059322033898305086
5 0.5634920634920635 0.5282485875706214 0.03492063492063492 0.07344632768361582
4 0.803968253968254 0.6002824858757062 0.1 0.1440677966101695
6 0.8555555555555555 0.5282485875706214 0.10476190476190476 0.13559322033898305
4 0.9698412698412698 0.5889830508474576 0.06031746031746032 0.08192090395480225
5 0.9214285714285714 0.7033898305084746 0.07777777777777778 0.11299435028248588
6 0.573015873015873 0.4632768361581921 0.11746031746031746 0.1694915254237288
4 0.5111111111111111 0.3163841807909605 0.022222222222222223 0.03954802259887006
5 0.34206349206349207 0.4293785310734463 0.014285714285714285 0.05649717514124294