4 0.8698412698412699 0.6991525423728814 0.11428571428571428 0.1440677966101695
5 0.39285714285714285 0.8502824858757062 0.046031746031746035 0.14124293785310735
5 0.6785714285714286 0.5409604519774012 0.10634920634920635 0.12146892655367232
4 0.2388888888888889 0.4251412429378531 0.03968253968253968 0.059322033898305086
4 0.3746031746031746 0.4011299435028249 0.050793650793650794 0.05649717514124294
6 0.8539682539682539 0.5240112994350282 0.10793650793650794 0.1384180790960452
6 0.4738095238095238 0.4081920903954802 0.09682539682539683 0.1327683615819209
0 0.3325396825396825 0.3361581920903955 0.10634920634920635 0.07344632768361582
4 0.5190476190476191 0.3531073446327684 0.04126984126984127 0.04519774011299435
3 0.2 0.809322033898305 0.05396825396825397 0.11016949152542373
5 0.25396825396825395 0.942090395480226 0.06666666666666667 0.11016949152542373
5 0.05476190476190476 0.7782485875706214 0.046031746031746035 0.09322033898305085
5 0.025396825396825397 0.7401129943502824 0.025396825396825397 0.096045197740113
5 0.07539682539682539 0.9152542372881356 0.06190476190476191 0.10734463276836158
5 0.14285714285714285 0.8799435028248588 0.06031746031746032 0.11016949152542373
5 0.346031746031746 0.963276836158192 0.05396825396825397 0.07344632768361582
5 0.49206349206349204 0.7259887005649718 0.050793650793650794 0.1016949152542373
5 0.5658730158730159 0.6864406779661016 0.05238095238095238 0.1016949152542373
5 0.6619047619047619 0.692090395480226 0.05714285714285714 0.0847457627118644
5 0.7309523809523809 0.6581920903954802 0.046031746031746035 0.0847457627118644
5 0.8 0.6412429378531074 0.04126984126984127 0.07344632768361582
5 0.6253968253968254 0.6652542372881356 0.050793650793650794 0.09322033898305085
5 0.5484126984126985 0.597457627118644 0.046031746031746035 0.08192090395480225
5 0.5857142857142857 0.5282485875706214 0.02857142857142857 0.07344632768361582
5 0.5277777777777778 0.4872881355932203 0.03650793650793651 0.059322033898305086
5 0.4579365079365079 0.576271186440678 0.04285714285714286 0.07344632768361582
5 0.5738095238095238 0.4971751412429379 0.03968253968253968 0.05649717514124294
5 0.44047619047619047 0.4943502824858757 0.03968253968253968 0.06779661016949153
5 0.3888888888888889 0.4971751412429379 0.0380952380952381 0.062146892655367235
5 0.34523809523809523 0.4830508474576271 0.03968253968253968 0.05649717514124294
5 0.273015873015873 0.4971751412429379 0.03492063492063492 0.07344632768361582
5 0.2857142857142857 0.4632768361581921 0.02857142857142857 0.05649717514124294
5 0.25 0.557909604519774 0.03650793650793651 0.07062146892655367
5 0.2111111111111111 0.5240112994350282 0.03492063492063492 0.06497175141242938
0 0.23333333333333334 0.3601694915254237 0.05396825396825397 0.07627118644067797
5 0.31507936507936507 0.4251412429378531 0.01746031746031746 0.05367231638418079
5 0.557936507936508 0.384180790960452 0.020634920634920634 0.04519774011299435
5 0.1373015873015873 0.5310734463276836 0.03333333333333333 0.05649717514124294
5 0.1380952380952381 0.5903954802259888 0.02857142857142857 0.07344632768361582