6 0.6079365079365079 0.480225988700565 0.13015873015873017 0.1694915254237288
6 0.8547619047619047 0.5240112994350282 0.10634920634920635 0.12146892655367232
0 0.3984126984126984 0.3290960451977401 0.13015873015873017 0.06497175141242938
0 0.23809523809523808 0.3700564971751412 0.044444444444444446 0.0903954802259887
4 0.18492063492063493 0.4901129943502825 0.05873015873015873 0.07627118644067797
4 0.4523809523809524 0.4463276836158192 0.06031746031746032 0.06779661016949153
4 0.8325396825396826 0.6059322033898306 0.1126984126984127 0.1327683615819209
4 0.969047619047619 0.5889830508474576 0.06190476190476191 0.07062146892655367
5 0.2777777777777778 0.9152542372881356 0.05396825396825397 0.1016949152542373
5 0.34444444444444444 0.8601694915254238 0.03492063492063492 0.11016949152542373
5 0.41825396825396827 0.7740112994350282 0.04285714285714286 0.11864406779661017
5 0.4642857142857143 0.867231638418079 0.04285714285714286 0.11864406779661017
5 0.48095238095238096 0.7259887005649718 0.05396825396825397 0.096045197740113
5 0.5452380952380952 0.6751412429378532 0.05238095238095238 0.0903954802259887
5 0.4880952380952381 0.6031073446327684 0.05238095238095238 0.07627118644067797
5 0.65 0.6031073446327684 0.049206349206349205 0.07062146892655367
5 0.8325396825396826 0.7570621468926554 0.05873015873015873 0.0903954802259887
5 0.41349206349206347 0.5282485875706214 0.03968253968253968 0.06779661016949153
5 0.2920634920634921 0.538135593220339 0.04126984126984127 0.07062146892655367
5 0.25 0.5621468926553672 0.04285714285714286 0.06779661016949153
5 0.11190476190476191 0.7019774011299436 0.04285714285714286 0.09887005649717515
5 0.08095238095238096 0.903954802259887 0.05714285714285714 0.1016949152542373