0 0.38095238095238093 0.14124293785310735 0.06666666666666667 0.07909604519774012
4 0.10476190476190476 0.6822033898305084 0.11746031746031746 0.18361581920903955
4 0.07142857142857142 0.6045197740112994 0.1111111111111111 0.1638418079096045
4 0.2777777777777778 0.4731638418079096 0.10476190476190476 0.1271186440677966
4 0.20476190476190476 0.3121468926553672 0.044444444444444446 0.059322033898305086
4 0.27380952380952384 0.2711864406779661 0.07142857142857142 0.0847457627118644
4 0.346031746031746 0.3121468926553672 0.0761904761904762 0.07627118644067797
4 0.35873015873015873 0.2344632768361582 0.06349206349206349 0.06779661016949153
4 0.8507936507936508 0.3771186440677966 0.06666666666666667 0.07627118644067797
4 0.9492063492063492 0.559322033898305 0.10158730158730159 0.12994350282485875
7 0.2833333333333333 0.21045197740112995 0.06825396825396825 0.08192090395480225
6 0.9626984126984127 0.4491525423728814 0.07142857142857142 0.11864406779661017
5 0.36507936507936506 0.6963276836158192 0.06031746031746032 0.12146892655367232
5 0.1880952380952381 0.692090395480226 0.049206349206349205 0.11299435028248588
5 0.4666666666666667 0.556497175141243 0.047619047619047616 0.1016949152542373
5 0.6055555555555555 0.5 0.05238095238095238 0.0847457627118644
5 0.5238095238095238 0.3389830508474576 0.022222222222222223 0.07344632768361582
5 0.38571428571428573 0.3121468926553672 0.031746031746031744 0.06497175141242938
5 0.4150793650793651 0.288135593220339 0.01746031746031746 0.06779661016949153
5 0.503968253968254 0.3192090395480226 0.020634920634920634 0.06779661016949153
5 0.3007936507936508 0.3742937853107345 0.03650793650793651 0.07062146892655367
5 0.26746031746031745 0.3163841807909605 0.03333333333333333 0.05649717514124294