0 0.353968253968254 0.3121468926553672 0.06031746031746032 0.05367231638418079
5 0.046031746031746035 0.75 0.0380952380952381 0.09322033898305085
5 0.3357142857142857 0.9110169491525424 0.06507936507936508 0.10451977401129943
5 0.36904761904761907 0.6680790960451978 0.026984126984126985 0.10451977401129943
5 0.46746031746031746 0.7542372881355932 0.049206349206349205 0.1016949152542373
5 0.3896825396825397 0.5451977401129944 0.03650793650793651 0.07344632768361582
5 0.30873015873015874 0.4872881355932203 0.03015873015873016 0.06497175141242938
5 0.7595238095238095 0.7062146892655368 0.05238095238095238 0.07909604519774012
5 0.6730158730158731 0.653954802259887 0.050793650793650794 0.08757062146892655
5 0.834920634920635 0.7372881355932204 0.050793650793650794 0.0903954802259887
4 0.7 0.5663841807909604 0.06349206349206349 0.12146892655367232
4 0.7158730158730159 0.4703389830508475 0.06349206349206349 0.06497175141242938
4 0.596031746031746 0.4322033898305085 0.0746031746031746 0.06779661016949153
4 0.5412698412698412 0.501412429378531 0.10476190476190476 0.10451977401129943
4 0.46111111111111114 0.3700564971751412 0.05555555555555555 0.05084745762711865
4 0.45396825396825397 0.4533898305084746 0.08253968253968254 0.06497175141242938
4 0.24206349206349206 0.4279661016949153 0.03968253968253968 0.06497175141242938
6 0.326984126984127 0.3432203389830508 0.06031746031746032 0.07062146892655367