6 0.4158730158730159 0.3728813559322034 0.07936507936507936 0.096045197740113
4 0.07936507936507936 0.5649717514124294 0.06349206349206349 0.096045197740113
4 0.15396825396825398 0.5692090395480226 0.07936507936507936 0.10451977401129943
4 0.6079365079365079 0.5141242937853108 0.10158730158730159 0.10734463276836158
4 0.7444444444444445 0.634180790960452 0.09841269841269841 0.16101694915254236
4 0.5841269841269842 0.384180790960452 0.06349206349206349 0.05084745762711865
4 0.34206349206349207 0.3884180790960452 0.04285714285714286 0.0480225988700565
4 0.2492063492063492 0.4067796610169492 0.031746031746031744 0.05084745762711865
3 0.2007936507936508 0.807909604519774 0.049206349206349205 0.11299435028248588
5 0.37777777777777777 0.922316384180791 0.047619047619047616 0.1327683615819209
5 0.4111111111111111 0.8192090395480226 0.050793650793650794 0.10734463276836158
5 0.35555555555555557 0.4915254237288136 0.025396825396825397 0.06779661016949153
5 0.373015873015873 0.4830508474576271 0.03492063492063492 0.062146892655367235
5 0.45 0.4872881355932203 0.020634920634920634 0.07627118644067797
5 0.6619047619047619 0.6412429378531074 0.05396825396825397 0.0903954802259887
5 0.6833333333333333 0.71045197740113 0.049206349206349205 0.08757062146892655
5 0.7468253968253968 0.5353107344632768 0.03968253968253968 0.059322033898305086
5 0.6730158730158731 0.5042372881355932 0.02857142857142857 0.059322033898305086
5 0.515079365079365 0.5621468926553672 0.03650793650793651 0.07909604519774012