0 0.16031746031746033 0.3149717514124294 0.13333333333333333 0.17796610169491525
4 0.08492063492063492 0.7062146892655368 0.12857142857142856 0.1864406779661017
4 0.16984126984126985 0.4604519774011299 0.10158730158730159 0.12994350282485875
4 0.25 0.4971751412429379 0.0746031746031746 0.11299435028248588
4 0.8539682539682539 0.3771186440677966 0.06666666666666667 0.07627118644067797
4 0.6357142857142857 0.4081920903954802 0.11904761904761904 0.10451977401129943
4 0.4523809523809524 0.19915254237288135 0.044444444444444446 0.0480225988700565
7 0.2904761904761905 0.2951977401129944 0.06984126984126984 0.09322033898305085
6 0.9531746031746032 0.4449152542372881 0.09365079365079365 0.1497175141242938
5 0.3349206349206349 0.7231638418079096 0.06031746031746032 0.10734463276836158
5 0.34285714285714286 0.4392655367231638 0.031746031746031744 0.09322033898305085
5 0.4007936507936508 0.3940677966101695 0.03333333333333333 0.08757062146892655
5 0.38412698412698415 0.3742937853107345 0.02857142857142857 0.08192090395480225
5 0.45476190476190476 0.3290960451977401 0.03015873015873016 0.07627118644067797
5 0.3984126984126984 0.2231638418079096 0.01904761904761905 0.062146892655367235
5 0.3388888888888889 0.8121468926553672 0.05873015873015873 0.07627118644067797
5 0.20396825396825397 0.655367231638418 0.05238095238095238 0.1016949152542373
5 0.11587301587301588 0.4322033898305085 0.031746031746031744 0.0847457627118644