4 0.580952380952381 0.5 0.09841269841269841 0.096045197740113
4 0.319047619047619 0.4830508474576271 0.08888888888888889 0.07344632768361582
4 0.5277777777777778 0.3912429378531073 0.05238095238095238 0.059322033898305086
4 0.44206349206349205 0.3672316384180791 0.05238095238095238 0.05649717514124294
4 0.7119047619047619 0.5861581920903954 0.05555555555555555 0.1384180790960452
4 0.8111111111111111 0.480225988700565 0.07301587301587302 0.07344632768361582
4 0.3103174603174603 0.3771186440677966 0.04285714285714286 0.0480225988700565
4 0.1738095238095238 0.4830508474576271 0.06190476190476191 0.0847457627118644
6 0.376984126984127 0.3672316384180791 0.07142857142857142 0.0903954802259887
0 0.26587301587301587 0.3248587570621469 0.06825396825396825 0.06779661016949153
5 0.45 0.4562146892655367 0.023809523809523808 0.06497175141242938
5 0.35793650793650794 0.4293785310734463 0.020634920634920634 0.05084745762711865
5 0.49206349206349204 0.5932203389830508 0.044444444444444446 0.07909604519774012
5 0.5238095238095238 0.5692090395480226 0.04126984126984127 0.08757062146892655
5 0.676984126984127 0.4830508474576271 0.03015873015873016 0.05649717514124294
5 0.6626984126984127 0.5141242937853108 0.03650793650793651 0.05649717514124294
5 0.6039682539682539 0.6101694915254238 0.03968253968253968 0.0847457627118644
5 0.7968253968253968 0.7090395480225988 0.047619047619047616 0.0847457627118644
5 0.7515873015873016 0.7344632768361582 0.05873015873015873 0.096045197740113
5 0.8388888888888889 0.7570621468926554 0.05238095238095238 0.1016949152542373
5 0.8904761904761904 0.713276836158192 0.044444444444444446 0.07627118644067797
5 0.834920634920635 0.6200564971751412 0.04126984126984127 0.07627118644067797
5 0.8269841269841269 0.559322033898305 0.0380952380952381 0.05649717514124294
5 0.9619047619047619 0.6991525423728814 0.04126984126984127 0.07627118644067797
5 0.9412698412698413 0.788135593220339 0.044444444444444446 0.0847457627118644
5 0.6388888888888888 0.6624293785310734 0.05873015873015873 0.08757062146892655
5 0.15079365079365079 0.576271186440678 0.0380952380952381 0.06779661016949153
3 0.20634920634920634 0.8022598870056498 0.05396825396825397 0.10734463276836158
5 0.07777777777777778 0.9152542372881356 0.06031746031746032 0.10734463276836158
5 0.2571428571428571 0.9392655367231638 0.06349206349206349 0.10451977401129943
5 0.3333333333333333 0.8502824858757062 0.04126984126984127 0.13559322033898305
5 0.36507936507936506 0.9152542372881356 0.05396825396825397 0.12994350282485875
5 0.4444444444444444 0.7782485875706214 0.050793650793650794 0.11016949152542373
5 0.046825396825396826 0.7542372881355932 0.03968253968253968 0.096045197740113
5 0.020634920634920634 0.8248587570621468 0.04126984126984127 0.11299435028248588