4 0.42698412698412697 0.4491525423728814 0.07936507936507936 0.06779661016949153
4 0.5634920634920635 0.5 0.09841269841269841 0.1016949152542373
4 0.5428571428571428 0.4081920903954802 0.07301587301587302 0.06497175141242938
4 0.653968253968254 0.4463276836158192 0.06349206349206349 0.062146892655367235
4 0.7 0.576271186440678 0.05714285714285714 0.12994350282485875
4 0.4253968253968254 0.3601694915254237 0.050793650793650794 0.05367231638418079
6 0.34206349206349207 0.3502824858757062 0.06507936507936508 0.07344632768361582
0 0.3341269841269841 0.307909604519774 0.05873015873015873 0.05084745762711865
3 0.20952380952380953 0.8022598870056498 0.050793650793650794 0.1016949152542373
5 0.046825396825396826 0.7542372881355932 0.03650793650793651 0.096045197740113
5 0.07698412698412699 0.9152542372881356 0.05873015873015873 0.10734463276836158
5 0.25873015873015875 0.942090395480226 0.06349206349206349 0.11016949152542373
5 0.42142857142857143 0.8149717514124294 0.05238095238095238 0.11016949152542373
5 0.3746031746031746 0.7259887005649718 0.025396825396825397 0.11864406779661017
5 0.3253968253968254 0.5211864406779662 0.03492063492063492 0.07062146892655367
5 0.36587301587301585 0.5112994350282486 0.03333333333333333 0.07344632768361582
5 0.4587301587301587 0.5819209039548022 0.044444444444444446 0.07909604519774012
5 0.4880952380952381 0.518361581920904 0.03650793650793651 0.07062146892655367
5 0.5007936507936508 0.4392655367231638 0.026984126984126985 0.059322033898305086
5 0.4857142857142857 0.5522598870056498 0.0380952380952381 0.06497175141242938
5 0.542063492063492 0.7062146892655368 0.05238095238095238 0.096045197740113
5 0.557936507936508 0.6073446327683616 0.04285714285714286 0.0903954802259887
5 0.6460317460317461 0.615819209039548 0.031746031746031744 0.0847457627118644
5 0.7150793650793651 0.7203389830508474 0.05238095238095238 0.07344632768361582
5 0.7142857142857143 0.6581920903954802 0.044444444444444446 0.0847457627118644
5 0.7547619047619047 0.5621468926553672 0.03015873015873016 0.07909604519774012
5 0.6619047619047619 0.5141242937853108 0.02857142857142857 0.06779661016949153
5 0.6150793650793651 0.4872881355932203 0.023809523809523808 0.059322033898305086
5 0.596031746031746 0.384180790960452 0.020634920634920634 0.03954802259887006
5 0.2968253968253968 0.4322033898305085 0.031746031746031744 0.05084745762711865
4 0.23174603174603176 0.442090395480226 0.047619047619047616 0.06497175141242938
4 0.27936507936507937 0.3629943502824859 0.03492063492063492 0.03672316384180791
5 0.14285714285714285 0.8799435028248588 0.06031746031746032 0.10451977401129943
5 0.022222222222222223 0.7471751412429378 0.025396825396825397 0.09887005649717515
5 0.14603174603174604 0.5211864406779662 0.031746031746031744 0.059322033898305086
5 0.38571428571428573 0.4745762711864407 0.031746031746031744 0.05084745762711865
5 0.4150793650793651 0.4011299435028249 0.026984126984126985 0.04519774011299435
5 0.38571428571428573 0.422316384180791 0.022222222222222223 0.0480225988700565
5 0.3142857142857143 0.384180790960452 0.015873015873015872 0.04519774011299435
5 0.27936507936507937 0.4180790960451977 0.022222222222222223 0.04519774011299435
5 0.24047619047619048 0.4632768361581921 0.026984126984126985 0.05649717514124294
5 0.8523809523809524 0.5282485875706214 0.03492063492063492 0.05649717514124294
5 0.876984126984127 0.5833333333333334 0.03968253968253968 0.059322033898305086
5 0.846031746031746 0.6892655367231638 0.047619047619047616 0.07909604519774012
5 0.85 0.7330508474576272 0.049206349206349205 0.07627118644067797
5 0.9230158730158731 0.7754237288135594 0.04285714285714286 0.08757062146892655