4 0.36666666666666664 0.4632768361581921 0.08253968253968254 0.07344632768361582
4 0.476984126984127 0.3813559322033898 0.06190476190476191 0.05649717514124294
4 0.5777777777777777 0.5070621468926554 0.10158730158730159 0.10451977401129943
4 0.5698412698412698 0.4152542372881356 0.05714285714285714 0.062146892655367235
4 0.7047619047619048 0.5833333333333334 0.05396825396825397 0.1497175141242938
4 0.20793650793650795 0.4590395480225989 0.04126984126984127 0.059322033898305086
4 0.9158730158730158 0.5282485875706214 0.07301587301587302 0.06779661016949153
6 0.3682539682539683 0.3601694915254237 0.06984126984126984 0.08192090395480225
0 0.26031746031746034 0.326271186440678 0.06349206349206349 0.059322033898305086
4 0.29603174603174603 0.3700564971751412 0.03650793650793651 0.04519774011299435
3 0.21031746031746032 0.8008474576271186 0.05238095238095238 0.11581920903954802
5 0.046031746031746035 0.7528248587570622 0.0380952380952381 0.09887005649717515
5 0.023809523809523808 0.7471751412429378 0.02857142857142857 0.09887005649717515
5 0.07777777777777778 0.9152542372881356 0.05714285714285714 0.10734463276836158
5 0.25793650793650796 0.943502824858757 0.06190476190476191 0.11299435028248588
5 0.3523809523809524 0.8121468926553672 0.03492063492063492 0.1271186440677966
5 0.38095238095238093 0.8601694915254238 0.05714285714285714 0.11581920903954802
5 0.2507936507936508 0.5211864406779662 0.04126984126984127 0.06497175141242938
5 0.3238095238095238 0.4011299435028249 0.012698412698412698 0.05084745762711865
5 0.34444444444444444 0.4011299435028249 0.01904761904761905 0.05084745762711865
5 0.2650793650793651 0.4463276836158192 0.025396825396825397 0.05649717514124294
5 0.42698412698412697 0.5621468926553672 0.04126984126984127 0.0847457627118644
5 0.4650793650793651 0.5480225988700564 0.044444444444444446 0.07344632768361582
5 0.5388888888888889 0.71045197740113 0.05238095238095238 0.09887005649717515
5 0.5738095238095238 0.6384180790960452 0.05238095238095238 0.0847457627118644
5 0.5698412698412698 0.5494350282485876 0.04126984126984127 0.07062146892655367
5 0.5619047619047619 0.5833333333333334 0.04126984126984127 0.07627118644067797
5 0.6730158730158731 0.7019774011299436 0.05714285714285714 0.08192090395480225
5 0.7547619047619047 0.7231638418079096 0.05555555555555555 0.096045197740113
5 0.7849206349206349 0.6892655367231638 0.05238095238095238 0.0903954802259887
5 0.8603174603174604 0.7711864406779662 0.050793650793650794 0.0903954802259887
5 0.919047619047619 0.7641242937853108 0.047619047619047616 0.08757062146892655
5 0.8547619047619047 0.711864406779661 0.049206349206349205 0.0847457627118644
5 0.8634920634920635 0.6454802259887006 0.04126984126984127 0.08192090395480225
5 0.9047619047619048 0.5932203389830508 0.03492063492063492 0.062146892655367235
5 0.7857142857142857 0.538135593220339 0.02857142857142857 0.06497175141242938
5 0.7579365079365079 0.5649717514124294 0.03333333333333333 0.07909604519774012
5 0.7357142857142858 0.4971751412429379 0.03650793650793651 0.05649717514124294