5 0.348046875 0.7159722222222222 0.11328125 0.4013888888888889
5 0.426171875 0.3423611111111111 0.04140625 0.1486111111111111
5 0.71484375 0.5486111111111112 0.10625 0.26944444444444443
5 0.266015625 0.3236111111111111 0.03046875 0.14444444444444443
5 0.833984375 0.6791666666666667 0.15546875 0.33055555555555555
5 0.9578125 0.6916666666666667 0.084375 0.2972222222222222
5 0.8515625 0.5722222222222222 0.140625 0.225
5 0.583203125 0.475 0.07421875 0.2222222222222222
5 0.50859375 0.42569444444444443 0.053125 0.20416666666666666
5 0.529296875 0.3541666666666667 0.04140625 0.15833333333333333
5 0.18828125 0.35138888888888886 0.0359375 0.1638888888888889
5 0.4015625 0.2965277777777778 0.0328125 0.1375
5 0.354296875 0.15694444444444444 0.02578125 0.10277777777777777
5 0.31015625 0.2465277777777778 0.028125 0.10694444444444444
5 0.3046875 0.20277777777777778 0.0203125 0.06944444444444445
5 0.3125 0.19166666666666668 0.0140625 0.058333333333333334
5 0.344921875 0.20208333333333334 0.01796875 0.0763888888888889
4 0.26640625 0.15555555555555556 0.0390625 0.06111111111111111