5 0.444921875 0.8423611111111111 0.15078125 0.31527777777777777
4 0.301171875 0.19236111111111112 0.05390625 0.09305555555555556
5 0.907421875 0.7722222222222223 0.17890625 0.45555555555555555
5 0.250390625 0.2326388888888889 0.01953125 0.0875
5 0.607421875 0.5159722222222223 0.09296875 0.2513888888888889
5 0.200390625 0.44305555555555554 0.04453125 0.2222222222222222
5 0.392578125 0.37569444444444444 0.04296875 0.1625
4 0.330859375 0.16805555555555557 0.03046875 0.05555555555555555
5 0.195703125 0.2534722222222222 0.02421875 0.10972222222222222
5 0.490625 0.35555555555555557 0.0421875 0.1527777777777778
5 0.53828125 0.44027777777777777 0.0671875 0.21944444444444444
5 0.7890625 0.60625 0.121875 0.2763888888888889
5 0.872265625 0.5652777777777778 0.09765625 0.26666666666666666
5 0.394140625 0.10486111111111111 0.01796875 0.0375
5 0.375 0.15138888888888888 0.021875 0.10555555555555556
5 0.394921875 0.16041666666666668 0.02578125 0.0763888888888889