0 0.04523809523809524 0.442090395480226 0.09047619047619047 0.17796610169491525
4 0.8547619047619047 0.5141242937853108 0.10952380952380952 0.12429378531073447
4 0.8539682539682539 0.3771186440677966 0.06666666666666667 0.07627118644067797
4 0.24841269841269842 0.3601694915254237 0.09047619047619047 0.09322033898305085
4 0.29285714285714287 0.4562146892655367 0.1126984126984127 0.12146892655367232
4 0.13412698412698412 0.6398305084745762 0.12857142857142856 0.19491525423728814
4 0.48333333333333334 0.17231638418079095 0.03333333333333333 0.04519774011299435
7 0.3484126984126984 0.2443502824858757 0.05873015873015873 0.07062146892655367
7 0.0626984126984127 0.559322033898305 0.1253968253968254 0.1807909604519774
5 0.346031746031746 0.6991525423728814 0.05714285714285714 0.11016949152542373
5 0.5349206349206349 0.518361581920904 0.05396825396825397 0.09322033898305085
5 0.3880952380952381 0.4251412429378531 0.03650793650793651 0.08757062146892655
5 0.4253968253968254 0.326271186440678 0.022222222222222223 0.07627118644067797
5 0.4880952380952381 0.24717514124293785 0.014285714285714285 0.059322033898305086
5 0.5587301587301587 0.211864406779661 0.012698412698412698 0.05084745762711865
5 0.4650793650793651 0.2641242937853107 0.01904761904761905 0.06497175141242938
5 0.5007936507936508 0.21610169491525424 0.014285714285714285 0.05367231638418079