0 0.9119047619047619 0.4830508474576271 0.1761904761904762 0.2542372881355932
6 0.15873015873015872 0.3531073446327684 0.09841269841269841 0.14124293785310735
4 0.04523809523809524 0.807909604519774 0.09047619047619047 0.20903954802259886
4 0.2253968253968254 0.5141242937853108 0.11428571428571428 0.14124293785310735
4 0.30873015873015874 0.346045197740113 0.08412698412698413 0.08757062146892655
4 0.2904761904761905 0.2951977401129944 0.06984126984126984 0.07627118644067797
4 0.33174603174603173 0.19491525423728814 0.047619047619047616 0.05084745762711865
4 0.39285714285714285 0.2033898305084746 0.046031746031746035 0.04519774011299435
4 0.6746031746031746 0.3601694915254237 0.08571428571428572 0.11016949152542373
7 0.15079365079365079 0.4533898305084746 0.07936507936507936 0.12146892655367232
5 0.5666666666666667 0.4011299435028249 0.02857142857142857 0.0847457627118644
5 0.5380952380952381 0.3573446327683616 0.01904761904761905 0.08192090395480225
5 0.40555555555555556 0.4110169491525424 0.03968253968253968 0.09322033898305085
5 0.35 0.480225988700565 0.046031746031746035 0.0903954802259887
5 0.5198412698412699 0.3432203389830508 0.020634920634920634 0.07627118644067797
5 0.4865079365079365 0.3361581920903955 0.026984126984126985 0.07909604519774012
5 0.8611111111111112 0.5494350282485876 0.046031746031746035 0.08757062146892655
5 0.4579365079365079 0.3290960451977401 0.01746031746031746 0.08192090395480225
5 0.5626984126984127 0.3192090395480226 0.01746031746031746 0.07344632768361582