0 0.765079365079365 0.3912429378531073 0.19682539682539682 0.2570621468926554
4 0.9611111111111111 0.4350282485875706 0.0746031746031746 0.0903954802259887
4 0.5658730158730159 0.3022598870056497 0.09047619047619047 0.0903954802259887
7 0.10238095238095238 0.5282485875706214 0.09682539682539683 0.14689265536723164
4 0.20634920634920634 0.538135593220339 0.11746031746031746 0.16101694915254236
6 0.276984126984127 0.25 0.07777777777777778 0.11016949152542373
4 0.2968253968253968 0.3601694915254237 0.07936507936507936 0.09887005649717515
4 0.25317460317460316 0.3502824858757062 0.0746031746031746 0.096045197740113
4 0.3674603174603175 0.1709039548022599 0.04285714285714286 0.0480225988700565
4 0.3468253968253968 0.24293785310734464 0.05873015873015873 0.062146892655367235
4 0.430952380952381 0.1483050847457627 0.03650793650793651 0.0480225988700565
7 0.4095238095238095 0.134180790960452 0.04126984126984127 0.059322033898305086
5 0.276984126984127 0.9562146892655368 0.09047619047619047 0.08192090395480225
5 0.3325396825396825 0.846045197740113 0.07777777777777778 0.1384180790960452
5 0.41349206349206347 0.8403954802259888 0.06190476190476191 0.1327683615819209
5 0.1523809523809524 0.751412429378531 0.05396825396825397 0.11299435028248588
5 0.18888888888888888 0.6412429378531074 0.0380952380952381 0.11299435028248588
5 0.21904761904761905 0.6511299435028248 0.044444444444444446 0.09887005649717515
5 0.276984126984127 0.5790960451977402 0.03968253968253968 0.1016949152542373
5 0.33095238095238094 0.501412429378531 0.03968253968253968 0.09887005649717515
5 0.2865079365079365 0.4915254237288136 0.04285714285714286 0.0847457627118644
5 0.36587301587301585 0.422316384180791 0.03650793650793651 0.09322033898305085
5 0.44603174603174606 0.5480225988700564 0.044444444444444446 0.1016949152542373
5 0.5190476190476191 0.3968926553672316 0.02857142857142857 0.08192090395480225
5 0.46746031746031746 0.384180790960452 0.026984126984126985 0.0847457627118644
5 0.4365079365079365 0.3700564971751412 0.025396825396825397 0.0903954802259887
5 0.5619047619047619 0.3502824858757062 0.01904761904761905 0.07909604519774012
5 0.530952380952381 0.346045197740113 0.01746031746031746 0.07062146892655367
5 0.050793650793650794 0.4322033898305085 0.025396825396825397 0.062146892655367235
5 0.012698412698412698 0.5211864406779662 0.025396825396825397 0.07627118644067797
5 0.10476190476190476 0.3531073446327684 0.022222222222222223 0.05649717514124294
5 0.35 0.2909604519774011 0.03968253968253968 0.05649717514124294
5 0.5 0.3771186440677966 0.022222222222222223 0.08757062146892655
5 0.4158730158730159 0.3601694915254237 0.025396825396825397 0.07627118644067797
5 0.8468253968253968 0.6073446327683616 0.05238095238095238 0.0847457627118644
5 0.7198412698412698 0.4463276836158192 0.04285714285714286 0.0847457627118644