4 0.558203125 0.5550724637681159 0.08828125 0.16521739130434782
1 0.332421875 0.4007246376811594 0.10546875 0.4043478260869565
7 0.16015625 0.46956521739130436 0.0671875 0.1855072463768116
6 0.234375 0.4572463768115942 0.084375 0.2391304347826087
4 0.487109375 0.33405797101449275 0.04453125 0.07971014492753623
5 0.9734375 0.736231884057971 0.053125 0.15942028985507245
5 0.848046875 0.6065217391304348 0.04765625 0.12608695652173912
5 0.778125 0.5195652173913043 0.034375 0.1144927536231884
5 0.743359375 0.45652173913043476 0.03203125 0.1072463768115942
5 0.8921875 0.5362318840579711 0.046875 0.14492753623188406
5 0.8171875 0.46304347826086956 0.0359375 0.09420289855072464
5 0.778125 0.391304347826087 0.03125 0.08115942028985507
5 0.616015625 0.3398550724637681 0.02265625 0.07971014492753623
5 0.0453125 0.6094202898550725 0.0421875 0.1144927536231884