0 0.7388888888888889 0.3771186440677966 0.19206349206349208 0.2457627118644068
5 0.9619047619047619 0.4322033898305085 0.07301587301587302 0.0903954802259887
4 0.8555555555555555 0.3771186440677966 0.06031746031746032 0.08192090395480225
5 0.8111111111111111 0.5889830508474576 0.05396825396825397 0.09322033898305085
5 0.7 0.4322033898305085 0.04126984126984127 0.07909604519774012
5 0.8539682539682539 0.4251412429378531 0.0380952380952381 0.06497175141242938
5 0.4126984126984127 0.5932203389830508 0.047619047619047616 0.10734463276836158
5 0.06428571428571428 0.7853107344632768 0.04285714285714286 0.10734463276836158
5 0.09285714285714286 0.7612994350282486 0.046031746031746035 0.11016949152542373
5 0.2634920634920635 0.963276836158192 0.08571428571428572 0.07344632768361582
5 0.3341269841269841 0.8361581920903954 0.0746031746031746 0.13559322033898305
5 0.4111111111111111 0.8389830508474576 0.05714285714285714 0.13559322033898305
5 0.20634920634920634 0.6793785310734464 0.050793650793650794 0.10451977401129943
5 0.16904761904761906 0.6694915254237288 0.03968253968253968 0.1016949152542373
5 0.2650793650793651 0.5861581920903954 0.04126984126984127 0.09887005649717515
5 0.27380952380952384 0.5070621468926554 0.04285714285714286 0.09322033898305085
5 0.30396825396825394 0.4152542372881356 0.03333333333333333 0.07344632768361582
5 0.353968253968254 0.4322033898305085 0.03492063492063492 0.0903954802259887
6 0.29444444444444445 0.2401129943502825 0.07142857142857142 0.12429378531073447
4 0.24285714285714285 0.3573446327683616 0.07301587301587302 0.09322033898305085
4 0.29285714285714287 0.3644067796610169 0.07777777777777778 0.096045197740113
4 0.37222222222222223 0.1652542372881356 0.03968253968253968 0.0423728813559322
7 0.09126984126984126 0.5353107344632768 0.09682539682539683 0.1327683615819209
4 0.546031746031746 0.2951977401129944 0.08888888888888889 0.08757062146892655
4 0.3388888888888889 0.2542372881355932 0.05238095238095238 0.062146892655367235
4 0.43253968253968256 0.14548022598870056 0.03333333333333333 0.0480225988700565
7 0.4158730158730159 0.13135593220338984 0.04126984126984127 0.05367231638418079
5 0.430952380952381 0.384180790960452 0.026984126984126985 0.0903954802259887
5 0.4603174603174603 0.3968926553672316 0.025396825396825397 0.08757062146892655
5 0.5142857142857142 0.403954802259887 0.025396825396825397 0.0847457627118644
5 0.49603174603174605 0.3884180790960452 0.020634920634920634 0.08757062146892655
5 0.4111111111111111 0.3672316384180791 0.022222222222222223 0.07344632768361582
5 0.3738095238095238 0.384180790960452 0.03968253968253968 0.06779661016949153
5 0.3373015873015873 0.3672316384180791 0.023809523809523808 0.07909604519774012
5 0.530952380952381 0.3573446327683616 0.020634920634920634 0.08192090395480225
5 0.515079365079365 0.3192090395480226 0.01746031746031746 0.07344632768361582