3 0.20555555555555555 0.806497175141243 0.05238095238095238 0.11581920903954802
5 0.046031746031746035 0.75 0.04126984126984127 0.09887005649717515
5 0.07698412698412699 0.9110169491525424 0.06190476190476191 0.10451977401129943
5 0.14523809523809525 0.8771186440677966 0.05873015873015873 0.09887005649717515
5 0.012698412698412698 0.5875706214689266 0.025396825396825397 0.06779661016949153
5 0.07777777777777778 0.5353107344632768 0.025396825396825397 0.059322033898305086
6 0.7738095238095238 0.5861581920903954 0.1349206349206349 0.18926553672316385
0 0.7095238095238096 0.4322033898305085 0.13333333333333333 0.12994350282485875
4 0.5142857142857142 0.4562146892655367 0.08888888888888889 0.06497175141242938
4 0.353968253968254 0.3968926553672316 0.050793650793650794 0.07062146892655367
4 0.26746031746031745 0.384180790960452 0.023809523809523808 0.04519774011299435
7 0.9626984126984127 0.5861581920903954 0.07142857142857142 0.09322033898305085
4 0.31587301587301586 0.3361581920903955 0.031746031746031744 0.03954802259887006
5 0.21984126984126984 0.442090395480226 0.014285714285714285 0.05367231638418079
5 0.2388888888888889 0.4194915254237288 0.01746031746031746 0.05367231638418079
5 0.28174603174603174 0.4293785310734463 0.014285714285714285 0.05084745762711865
5 0.31507936507936507 0.442090395480226 0.01746031746031746 0.05367231638418079
5 0.2984126984126984 0.4180790960451977 0.015873015873015872 0.04519774011299435
5 0.2968253968253968 0.3813559322033898 0.012698412698412698 0.03954802259887006
5 0.3198412698412698 0.4081920903954802 0.014285714285714285 0.0423728813559322
5 0.34285714285714286 0.4731638418079096 0.025396825396825397 0.06497175141242938
5 0.4119047619047619 0.4053672316384181 0.020634920634920634 0.0480225988700565
5 0.44603174603174606 0.5353107344632768 0.0380952380952381 0.07627118644067797
5 0.38095238095238093 0.5 0.02857142857142857 0.07344632768361582
5 0.5238095238095238 0.3672316384180791 0.022222222222222223 0.04519774011299435
5 0.503968253968254 0.5861581920903954 0.04285714285714286 0.07627118644067797
5 0.5547619047619048 0.576271186440678 0.04285714285714286 0.07344632768361582
5 0.6468253968253969 0.693502824858757 0.05555555555555555 0.08192090395480225
5 0.7777777777777778 0.730225988700565 0.05396825396825397 0.09322033898305085
5 0.7523809523809524 0.6680790960451978 0.050793650793650794 0.07627118644067797
5 0.8698412698412699 0.7471751412429378 0.050793650793650794 0.07627118644067797
5 0.926984126984127 0.7189265536723164 0.044444444444444446 0.07062146892655367
5 0.8293650793650794 0.4731638418079096 0.023809523809523808 0.05367231638418079
5 0.8634920634920635 0.5282485875706214 0.03492063492063492 0.05649717514124294
5 0.4 0.4858757062146893 0.025396825396825397 0.06779661016949153