4 0.7174603174603175 0.5282485875706214 0.08888888888888889 0.0903954802259887
4 0.5119047619047619 0.4604519774011299 0.08412698412698413 0.06779661016949153
4 0.36507936507936506 0.4081920903954802 0.050793650793650794 0.07627118644067797
0 0.6611111111111111 0.4138418079096045 0.13174603174603175 0.11581920903954802
5 0.1388888888888889 0.5098870056497176 0.03015873015873016 0.06497175141242938
4 0.2650793650793651 0.384180790960452 0.022222222222222223 0.05084745762711865
4 0.30396825396825394 0.3361581920903955 0.03015873015873016 0.03954802259887006
3 0.20793650793650795 0.7980225988700564 0.05396825396825397 0.11016949152542373
5 0.046031746031746035 0.7542372881355932 0.0380952380952381 0.096045197740113
5 0.07777777777777778 0.9110169491525424 0.06031746031746032 0.10451977401129943
5 0.14285714285714285 0.8771186440677966 0.06031746031746032 0.11016949152542373
6 0.8373015873015873 0.6101694915254238 0.1349206349206349 0.1977401129943503
4 0.915079365079365 0.5649717514124294 0.08095238095238096 0.0847457627118644
5 0.9428571428571428 0.7655367231638418 0.044444444444444446 0.0847457627118644
5 0.8547619047619047 0.8432203389830508 0.06190476190476191 0.11016949152542373
5 0.9809523809523809 0.7231638418079096 0.0380952380952381 0.06779661016949153
5 0.8539682539682539 0.7528248587570622 0.05396825396825397 0.08192090395480225
5 0.830952380952381 0.6991525423728814 0.049206349206349205 0.08192090395480225
5 0.7158730158730159 0.7033898305084746 0.05396825396825397 0.0847457627118644
5 0.5658730158730159 0.617231638418079 0.049206349206349205 0.08757062146892655
5 0.4849206349206349 0.5550847457627118 0.03650793650793651 0.07627118644067797
5 0.4111111111111111 0.5254237288135594 0.031746031746031744 0.07909604519774012
5 0.42698412698412697 0.4562146892655367 0.02857142857142857 0.059322033898305086
5 0.2968253968253968 0.442090395480226 0.015873015873015872 0.059322033898305086
5 0.3357142857142857 0.4562146892655367 0.020634920634920634 0.059322033898305086
5 0.36904761904761907 0.4901129943502825 0.03015873015873016 0.07062146892655367
5 0.3047619047619048 0.3912429378531073 0.012698412698412698 0.0423728813559322
5 0.2357142857142857 0.4533898305084746 0.01746031746031746 0.05367231638418079
5 0.6079365079365079 0.5310734463276836 0.031746031746031744 0.06779661016949153
5 0.573015873015873 0.5282485875706214 0.02857142857142857 0.07909604519774012
5 0.6984126984126984 0.617231638418079 0.044444444444444446 0.07627118644067797
5 0.7380952380952381 0.6892655367231638 0.06031746031746032 0.0847457627118644
5 0.4849206349206349 0.3545197740112994 0.01746031746031746 0.03672316384180791
5 0.31507936507936507 0.4279661016949153 0.01746031746031746 0.0480225988700565