6 0.5904761904761905 0.4661016949152542 0.12698412698412698 0.14689265536723164
0 0.3888888888888889 0.3319209039548023 0.13333333333333333 0.07062146892655367
6 0.8579365079365079 0.5240112994350282 0.10634920634920635 0.12146892655367232
0 0.23809523809523808 0.3700564971751412 0.047619047619047616 0.0903954802259887
4 0.19126984126984126 0.480225988700565 0.05873015873015873 0.07344632768361582
4 0.4444444444444444 0.4435028248587571 0.06031746031746032 0.06779661016949153
4 0.8182539682539682 0.5988700564971752 0.10634920634920635 0.12994350282485875
4 0.9698412698412698 0.5932203389830508 0.06031746031746032 0.07909604519774012
3 0.2 0.807909604519774 0.050793650793650794 0.11299435028248588
5 0.3349206349206349 0.903954802259887 0.04126984126984127 0.12994350282485875
5 0.273015873015873 0.9180790960451978 0.050793650793650794 0.10734463276836158
5 0.15396825396825398 0.7641242937853108 0.04126984126984127 0.07062146892655367
5 0.1 0.7161016949152542 0.044444444444444446 0.09322033898305085
5 0.07857142857142857 0.9110169491525424 0.05873015873015873 0.10451977401129943
5 0.28174603174603174 0.5550847457627118 0.04285714285714286 0.07062146892655367
5 0.3198412698412698 0.538135593220339 0.04285714285714286 0.06497175141242938
5 0.3277777777777778 0.4901129943502825 0.03650793650793651 0.06497175141242938
5 0.584920634920635 0.5423728813559322 0.03968253968253968 0.07909604519774012
5 0.396031746031746 0.5169491525423728 0.03968253968253968 0.06779661016949153
5 0.45 0.6101694915254238 0.05238095238095238 0.07909604519774012
5 0.40555555555555556 0.8022598870056498 0.04285714285714286 0.11864406779661017
5 0.46984126984126984 0.8912429378531074 0.047619047619047616 0.12146892655367232
5 0.46984126984126984 0.7401129943502824 0.05396825396825397 0.1016949152542373
5 0.5349206349206349 0.6822033898305084 0.05396825396825397 0.09322033898305085
5 0.611904761904762 0.6751412429378532 0.05873015873015873 0.07909604519774012
5 0.8007936507936508 0.7443502824858758 0.05873015873015873 0.09322033898305085
5 0.703968253968254 0.693502824858757 0.05873015873015873 0.08192090395480225