4 0.153125 0.8115942028985508 0.134375 0.3101449275362319
5 0.030078125 0.7869565217391304 0.05546875 0.19420289855072465
5 0.904296875 0.7108695652173913 0.06015625 0.18115942028985507
5 0.75625 0.5239130434782608 0.0375 0.13478260869565217
5 0.701953125 0.48695652173913045 0.03984375 0.11304347826086956
5 0.687109375 0.40652173913043477 0.02734375 0.09130434782608696
5 0.6453125 0.39202898550724635 0.028125 0.08840579710144927
5 0.594140625 0.35289855072463766 0.02578125 0.08550724637681159
7 0.303125 0.518840579710145 0.084375 0.2289855072463768
5 0.1421875 0.6456521739130435 0.0296875 0.11739130434782609
5 0.0921875 0.6318840579710145 0.040625 0.13043478260869565
5 0.1703125 0.5159420289855072 0.028125 0.10144927536231885
4 0.26328125 0.41594202898550725 0.059375 0.11014492753623188