5 0.9074380165289256 0.44168734491315137 0.03801652892561983 0.028535980148883373
5 0.9545454545454546 0.4621588089330025 0.049586776859504134 0.05459057071960298
5 0.8537190082644628 0.4633995037220844 0.04462809917355372 0.034739454094292806
5 0.7884297520661157 0.4807692307692308 0.05785123966942149 0.04962779156327544
0 0.3586776859504132 0.5099255583126551 0.5008264462809917 0.22952853598014888
5 0.7024793388429752 0.510545905707196 0.06611570247933884 0.05086848635235732
5 0.6330578512396694 0.5508684863523573 0.07768595041322314 0.06699751861042183
5 0.8041322314049587 0.5570719602977667 0.07107438016528926 0.052109181141439205
5 0.4818181818181818 0.6259305210918115 0.11735537190082644 0.07692307692307693
5 0.8495867768595041 0.6606699751861043 0.09256198347107437 0.07568238213399504
5 0.5652892561983471 0.771712158808933 0.15702479338842976 0.11786600496277916
4 0.20826446280991737 0.7983870967741935 0.41652892561983473 0.326302729528536