4 0.7419270833333333 0.16805555555555557 0.022395833333333334 0.028703703703703703
4 0.8231770833333333 0.20694444444444443 0.028645833333333332 0.025925925925925925
4 0.82421875 0.23796296296296296 0.03229166666666667 0.03333333333333333
4 0.8138020833333334 0.3314814814814815 0.0671875 0.0787037037037037
5 0.6622395833333333 0.3388888888888889 0.0265625 0.07037037037037037
5 0.734375 0.3592592592592593 0.022395833333333334 0.05555555555555555
5 0.6041666666666666 0.3972222222222222 0.0328125 0.08055555555555556
4 0.803125 0.44583333333333336 0.0921875 0.14166666666666666
5 0.6927083333333334 0.4699074074074074 0.034375 0.07962962962962963
4 0.7690104166666667 0.6509259259259259 0.134375 0.2898148148148148
5 0.5005208333333333 0.8143518518518519 0.08385416666666666 0.18796296296296297
5 0.58671875 0.8578703703703704 0.0734375 0.20092592592592592