6 0.6363636363636364 0.17107438016528925 0.03801652892561983 0.03801652892561983
5 0.4768595041322314 0.18016528925619835 0.019834710743801654 0.02975206611570248
5 0.5148760330578512 0.19173553719008266 0.01818181818181818 0.03140495867768595
4 0.5694214876033058 0.2140495867768595 0.05619834710743802 0.0512396694214876
5 0.3776859504132231 0.22975206611570248 0.026446280991735537 0.03801652892561983
5 0.4066115702479339 0.27768595041322314 0.02809917355371901 0.05619834710743802
4 0.45867768595041325 0.32644628099173556 0.09256198347107437 0.08925619834710743
5 0.5983471074380166 0.43140495867768597 0.03636363636363636 0.06611570247933884
4 0.25206611570247933 0.44049586776859506 0.20330578512396694 0.23140495867768596
4 0.7289256198347107 0.4446280991735537 0.1206611570247934 0.13388429752066117
4 0.045454545454545456 0.543801652892562 0.09090909090909091 0.17024793388429751
5 0.6057851239669422 0.6231404958677685 0.05289256198347107 0.09256198347107437
4 0.1578512396694215 0.7462809917355372 0.27603305785123966 0.31735537190082647
4 0.5834710743801653 0.15123966942148762 0.03471074380165289 0.03636363636363636