4 0.7427083333333333 0.16805555555555557 0.0203125 0.027777777777777776
4 0.7794270833333333 0.2152777777777778 0.0328125 0.040740740740740744
4 0.8247395833333333 0.2388888888888889 0.03125 0.03148148148148148
4 0.69296875 0.26851851851851855 0.058333333333333334 0.08055555555555556
5 0.76484375 0.2726851851851852 0.015625 0.044444444444444446
4 0.8153645833333333 0.28055555555555556 0.05 0.062037037037037036
5 0.73828125 0.29814814814814816 0.022395833333333334 0.049074074074074076
4 0.8127604166666667 0.33564814814814814 0.06145833333333333 0.07037037037037037
4 0.8033854166666666 0.4393518518518518 0.0921875 0.15092592592592594
4 0.7661458333333333 0.6532407407407408 0.13385416666666666 0.2898148148148148
5 0.5552083333333333 0.7902777777777777 0.06927083333333334 0.15648148148148147