4 0.5504132231404959 0.184863523573201 0.07107438016528926 0.04714640198511166
4 0.7256198347107438 0.21588089330024815 0.06115702479338843 0.02481389578163772
4 0.7090909090909091 0.02357320099255583 0.021487603305785124 0.01488833746898263
4 0.8190082644628099 0.02729528535980149 0.02975206611570248 0.019851116625310174
6 0.7016528925619835 0.3213399503722084 0.1669421487603306 0.19727047146401985
6 0.7900826446280992 0.03287841191066997 0.03305785123966942 0.031017369727047148
0 0.18099173553719008 0.336848635235732 0.3586776859504132 0.23449131513647642
4 0.7380165289256199 0.03598014888337469 0.026446280991735537 0.018610421836228287
6 0.34793388429752065 0.4088089330024814 0.2066115702479339 0.19230769230769232
4 0.8214876033057851 0.05024813895781638 0.03471074380165289 0.022332506203473945
4 0.6884297520661157 0.05583126550868486 0.03471074380165289 0.028535980148883373
4 0.3958677685950413 0.6885856079404467 0.2909090909090909 0.21464019851116625
4 0.768595041322314 0.07444168734491315 0.03966942148760331 0.028535980148883373