4 0.5983471074380166 0.21215880893300249 0.03801652892561983 0.031017369727047148
6 0.25702479338842976 0.2140198511166253 0.06611570247933884 0.05955334987593052
4 0.3884297520661157 0.22704714640198512 0.047933884297520664 0.033498759305210915
4 0.29256198347107437 0.2413151364764268 0.049586776859504134 0.02977667493796526
6 0.6909090909090909 0.24937965260545905 0.05785123966942149 0.06575682382133995
5 0.4578512396694215 0.32568238213399503 0.03140495867768595 0.04218362282878412
4 0.6123966942148761 0.34305210918114143 0.08925619834710743 0.06823821339950373
5 0.128099173553719 0.3542183622828784 0.03140495867768595 0.052109181141439205
5 0.23471074380165288 0.3939205955334988 0.03140495867768595 0.05459057071960298
5 0.16942148760330578 0.4044665012406948 0.04628099173553719 0.05707196029776675
5 0.05867768595041322 0.413151364764268 0.05454545454545454 0.05955334987593052
4 0.8479338842975207 0.413151364764268 0.14380165289256197 0.10669975186104218