5 0.6900826446280992 0.12841191066997518 0.03471074380165289 0.02977667493796526
5 0.6247933884297521 0.1346153846153846 0.026446280991735537 0.043424317617866005
4 0.8727272727272727 0.15818858560794044 0.08925619834710743 0.06451612903225806
5 0.5595041322314049 0.16997518610421836 0.02975206611570248 0.05334987593052109
5 0.46033057851239667 0.17866004962779156 0.03636363636363636 0.04838709677419355
4 0.6694214876033058 0.1792803970223325 0.09586776859504133 0.07444168734491315
5 0.5099173553719009 0.19478908188585609 0.03471074380165289 0.04962779156327544
5 0.768595041322314 0.22642679900744417 0.049586776859504134 0.06327543424317618
5 0.3859504132231405 0.2617866004962779 0.047933884297520664 0.07320099255583126
5 0.9752066115702479 0.2630272952853598 0.04628099173553719 0.07196029776674938
5 0.46611570247933887 0.2698511166253102 0.047933884297520664 0.05334987593052109
5 0.9165289256198347 0.2990074441687345 0.04297520661157025 0.052109181141439205
5 0.5619834710743802 0.32878411910669975 0.05289256198347107 0.06699751861042183
5 0.8545454545454545 0.3387096774193548 0.05289256198347107 0.06947890818858561
5 0.20165289256198346 0.3455334987593052 0.06446280991735537 0.06699751861042183
5 0.9669421487603306 0.37779156327543423 0.06611570247933884 0.09057071960297766
5 0.31239669421487604 0.37779156327543423 0.06776859504132231 0.06947890818858561
5 0.4809917355371901 0.38647642679900746 0.06446280991735537 0.08064516129032258
5 0.9082644628099174 0.5390818858560794 0.07272727272727272 0.09925558312655088
4 0.3685950413223141 0.5887096774193549 0.3702479338842975 0.27543424317617865
5 0.9760330578512396 0.705955334987593 0.04462809917355372 0.12903225806451613
5 0.7504132231404959 0.10421836228287841 0.024793388429752067 0.03722084367245657
5 0.9388429752066115 0.1054590570719603 0.024793388429752067 0.03225806451612903