4 0.67734375 0.2263888888888889 0.034375 0.03611111111111111
6 0.7080729166666667 0.25046296296296294 0.0484375 0.09351851851851851
4 0.61875 0.3 0.05520833333333333 0.07407407407407407
4 0.82265625 0.34074074074074073 0.06145833333333333 0.10648148148148148
5 0.66640625 0.3490740740740741 0.024479166666666666 0.07222222222222222
5 0.6403645833333333 0.35 0.024479166666666666 0.0787037037037037
5 0.5783854166666667 0.43194444444444446 0.0359375 0.09907407407407408
5 0.7114583333333333 0.48055555555555557 0.0390625 0.1175925925925926
5 0.5421875 0.5078703703703704 0.052083333333333336 0.13055555555555556
4 0.8036458333333333 0.5324074074074074 0.125 0.24814814814814815
5 0.6736979166666667 0.5935185185185186 0.049479166666666664 0.16296296296296298
5 0.47109375 0.6013888888888889 0.06145833333333333 0.15092592592592594
5 0.5908854166666667 0.6212962962962963 0.0609375 0.15833333333333333
4 0.2947916666666667 0.6935185185185185 0.2453125 0.30277777777777776