4 0.7272727272727273 0.35173697270471466 0.05289256198347107 0.04714640198511166
4 0.7619834710743801 0.380272952853598 0.06942148760330578 0.05459057071960298
4 0.5239669421487604 0.40384615384615385 0.07933884297520662 0.06451612903225806
5 0.43388429752066116 0.41873449131513646 0.023140495867768594 0.02729528535980149
5 0.29421487603305785 0.543424317617866 0.04132231404958678 0.04466501240694789
5 0.7099173553719008 0.5483870967741935 0.047933884297520664 0.05583126550868486
4 0.09917355371900827 0.5918114143920595 0.1537190082644628 0.12406947890818859
5 0.9512396694214876 0.5918114143920595 0.06115702479338843 0.07320099255583126
5 0.7917355371900826 0.6476426799007444 0.06611570247933884 0.08684863523573201
5 0.44958677685950416 0.6569478908188585 0.04132231404958678 0.0967741935483871
4 0.21735537190082643 0.716501240694789 0.30413223140495865 0.3002481389578164
4 0.5826446280991735 0.7301488833746899 0.27107438016528923 0.3225806451612903
5 0.9818181818181818 0.8169975186104218 0.03305785123966942 0.09801488833746898
5 0.8842975206611571 0.9212158808933002 0.10413223140495868 0.14392059553349876