5 0.3893229166666667 0.12222222222222222 0.022916666666666665 0.049074074074074076
5 0.22916666666666666 0.14537037037037037 0.022395833333333334 0.07222222222222222
5 0.28541666666666665 0.19074074074074074 0.028645833333333332 0.08888888888888889
5 0.578125 0.32314814814814813 0.022395833333333334 0.062037037037037036
5 0.5041666666666667 0.36898148148148147 0.042708333333333334 0.1037037037037037
5 0.60625 0.3736111111111111 0.03697916666666667 0.09351851851851851
5 0.5596354166666667 0.41203703703703703 0.04739583333333333 0.11666666666666667
5 0.44765625 0.44351851851851853 0.04791666666666667 0.14074074074074075
5 0.6354166666666666 0.5282407407407408 0.0640625 0.13425925925925927
5 0.6643229166666667 0.6532407407407408 0.08541666666666667 0.19444444444444445
6 0.3072916666666667 0.08101851851851852 0.05364583333333333 0.10555555555555556