4 0.8479338842975207 0.5235732009925558 0.1768595041322314 0.07692307692307693
4 0.9900826446280991 0.5241935483870968 0.01652892561983471 0.04838709677419355
5 0.9404958677685951 0.5620347394540943 0.05785123966942149 0.05334987593052109
5 0.8636363636363636 0.6135235732009926 0.05950413223140496 0.07568238213399504
5 0.684297520661157 0.6215880893300249 0.09090909090909091 0.06823821339950373
5 0.943801652892562 0.6532258064516129 0.07603305785123966 0.06451612903225806
5 0.7917355371900826 0.6643920595533499 0.08429752066115702 0.08933002481389578
5 0.18925619834710744 0.6730769230769231 0.15537190082644628 0.08312655086848635
5 0.07190082644628099 0.7655086848635235 0.14214876033057852 0.09925558312655088
5 0.11074380165289256 0.8393300248138957 0.21487603305785125 0.12406947890818859
4 0.7801652892561983 0.8566997518610422 0.43636363636363634 0.2816377171215881