4 0.7416666666666667 0.16898148148148148 0.0203125 0.027777777777777776
4 0.8239583333333333 0.2462962962962963 0.030729166666666665 0.03425925925925926
5 0.7244791666666667 0.2601851851851852 0.013020833333333334 0.04259259259259259
5 0.7497395833333333 0.2657407407407407 0.0140625 0.053703703703703705
5 0.69921875 0.2759259259259259 0.019791666666666666 0.05555555555555555
5 0.6619791666666667 0.2967592592592593 0.020833333333333332 0.05555555555555555
4 0.8140625 0.3314814814814815 0.06458333333333334 0.08055555555555556
4 0.5953125 0.3490740740740741 0.08541666666666667 0.0824074074074074
4 0.8033854166666666 0.4652777777777778 0.09114583333333333 0.1638888888888889
4 0.56640625 0.47314814814814815 0.14114583333333333 0.21574074074074073
5 0.6778645833333333 0.7337962962962963 0.05 0.13796296296296295
5 0.37005208333333334 0.8138888888888889 0.09895833333333333 0.2101851851851852