4 0.9826446280991735 0.45905707196029777 0.03471074380165289 0.04590570719602978
5 0.5851239669421487 0.4621588089330025 0.04628099173553719 0.04714640198511166
5 0.359504132231405 0.4851116625310174 0.05950413223140496 0.05831265508684864
4 0.9512396694214876 0.5285359801488834 0.09586776859504133 0.09305210918114144
5 0.7305785123966942 0.5576923076923077 0.05454545454545454 0.07568238213399504
5 0.8801652892561983 0.5682382133995038 0.03801652892561983 0.06699751861042183
5 0.46115702479338844 0.5887096774193549 0.07107438016528926 0.06327543424317618
5 0.33884297520661155 0.5899503722084367 0.0743801652892562 0.05955334987593052
5 0.8057851239669421 0.5899503722084367 0.05454545454545454 0.08684863523573201
5 0.05537190082644628 0.6029776674937966 0.10578512396694215 0.08188585607940446
5 0.5454545454545454 0.6060794044665012 0.05950413223140496 0.06699751861042183
5 0.7074380165289256 0.6612903225806451 0.06446280991735537 0.09181141439205956
4 0.868595041322314 0.7028535980148883 0.20826446280991737 0.18238213399503722
5 0.07355371900826446 0.7468982630272953 0.13884297520661157 0.11538461538461539
4 0.43305785123966944 0.7903225806451613 0.4049586776859504 0.3238213399503722