0 0.968595041322314 0.4094292803970223 0.06115702479338843 0.08560794044665013
5 0.16776859504132233 0.4621588089330025 0.06611570247933884 0.04094292803970223
5 0.987603305785124 0.4665012406947891 0.021487603305785124 0.04466501240694789
5 0.9264462809917355 0.47270471464019853 0.0512396694214876 0.04962779156327544
5 0.6619834710743802 0.49069478908188585 0.0628099173553719 0.05459057071960298
5 0.731404958677686 0.5124069478908189 0.06776859504132231 0.060794044665012405
5 0.8454545454545455 0.5310173697270472 0.06611570247933884 0.062034739454094295
5 0.7876033057851239 0.597394540942928 0.07603305785123966 0.06451612903225806
4 0.43388429752066116 0.6377171215880894 0.34049586776859503 0.17245657568238212
5 0.6892561983471074 0.6960297766749379 0.10578512396694215 0.09057071960297766
5 0.4578512396694215 0.7437965260545906 0.1487603305785124 0.11290322580645161
5 0.8661157024793389 0.8325062034739454 0.12231404958677686 0.11042183622828784
5 0.08512396694214876 0.8839950372208437 0.17024793388429751 0.1513647642679901