4 0.7408854166666666 0.16898148148148148 0.0203125 0.02962962962962963
4 0.6919270833333333 0.225 0.03333333333333333 0.05648148148148148
4 0.8234375 0.2361111111111111 0.03229166666666667 0.03796296296296296
4 0.81484375 0.3226851851851852 0.0625 0.07592592592592592
5 0.6252604166666667 0.36666666666666664 0.025520833333333333 0.07037037037037037
4 0.8033854166666666 0.4398148148148148 0.09166666666666666 0.14814814814814814
5 0.52109375 0.4398148148148148 0.036458333333333336 0.08703703703703704
5 0.5854166666666667 0.44166666666666665 0.034375 0.09537037037037037
5 0.65078125 0.5342592592592592 0.04010416666666667 0.08703703703703704
5 0.4466145833333333 0.5662037037037037 0.05625 0.11296296296296296
4 0.7669270833333334 0.6564814814814814 0.13333333333333333 0.2898148148148148
5 0.4005208333333333 0.7754629629629629 0.08385416666666666 0.16574074074074074