5 0.4834710743801653 0.12841191066997518 0.019834710743801654 0.02977667493796526
4 0.3074380165289256 0.1705955334987593 0.05950413223140496 0.04218362282878412
5 0.4743801652892562 0.18176178660049627 0.023140495867768594 0.03722084367245657
5 0.4818181818181818 0.22766749379652607 0.02809917355371901 0.04218362282878412
5 0.5462809917355372 0.2313895781637717 0.02809917355371901 0.04714640198511166
5 0.28429752066115704 0.2853598014888337 0.04462809917355372 0.06575682382133995
5 0.05702479338842975 0.31327543424317617 0.03471074380165289 0.04218362282878412
5 0.20578512396694215 0.3362282878411911 0.04628099173553719 0.062034739454094295
4 0.9537190082644628 0.34801488833746896 0.08925619834710743 0.0880893300248139
5 0.11818181818181818 0.3535980148883375 0.049586776859504134 0.05707196029776675
4 0.20165289256198346 0.43672456575682383 0.16363636363636364 0.15384615384615385
5 0.724793388429752 0.45471464019851116 0.05454545454545454 0.06823821339950373
5 0.6223140495867768 0.47766749379652607 0.07107438016528926 0.07444168734491315
4 0.5818181818181818 0.06699751861042183 0.03140495867768595 0.02109181141439206
4 0.6851239669421487 0.0837468982630273 0.03305785123966942 0.02977667493796526
6 0.20330578512396694 0.09801488833746898 0.06611570247933884 0.060794044665012405
4 0.6553719008264463 0.11786600496277916 0.04297520661157025 0.03225806451612903
4 0.7413223140495868 0.12344913151364764 0.047933884297520664 0.03225806451612903