4 0.5041322314049587 0.18677685950413223 0.05619834710743802 0.04297520661157025
4 0.5768595041322314 0.19421487603305784 0.049586776859504134 0.04628099173553719
4 0.6619834710743802 0.19504132231404958 0.049586776859504134 0.047933884297520664
5 0.43388429752066116 0.21487603305785125 0.024793388429752067 0.03801652892561983
4 0.740495867768595 0.30082644628099175 0.08264462809917356 0.07933884297520662
5 0.6041322314049586 0.32892561983471075 0.024793388429752067 0.03140495867768595
5 0.3942148760330578 0.3867768595041322 0.04132231404958678 0.06611570247933884
5 0.14049586776859505 0.387603305785124 0.049586776859504134 0.06115702479338843
5 0.2140495867768595 0.4 0.04628099173553719 0.06611570247933884
6 0.5611570247933885 0.4909090909090909 0.19008264462809918 0.3074380165289256
4 0.8074380165289257 0.6024793388429752 0.16033057851239668 0.21983471074380165
4 0.6942148760330579 0.11900826446280992 0.03140495867768595 0.021487603305785124
4 0.631404958677686 0.1206611570247934 0.03305785123966942 0.03140495867768595
4 0.7504132231404959 0.15123966942148762 0.04132231404958678 0.047933884297520664