5 0.6702479338842975 0.4857320099255583 0.06115702479338843 0.04094292803970223
5 0.7892561983471075 0.4987593052109181 0.05289256198347107 0.04590570719602978
4 0.9107438016528926 0.5155086848635235 0.17520661157024794 0.12531017369727046
5 0.7289256198347107 0.543424317617866 0.0628099173553719 0.06451612903225806
5 0.5570247933884298 0.5595533498759305 0.06942148760330578 0.062034739454094295
5 0.4132231404958678 0.5676178660049628 0.06942148760330578 0.05831265508684864
0 0.05454545454545454 0.575682382133995 0.10743801652892562 0.24193548387096775
5 0.8710743801652893 0.6625310173697271 0.07768595041322314 0.08933002481389578
5 0.5991735537190083 0.6668734491315137 0.11074380165289256 0.09181141439205956
5 0.10909090909090909 0.6681141439205955 0.17024793388429751 0.09429280397022333
5 0.33884297520661155 0.674937965260546 0.13884297520661157 0.08188585607940446
5 0.1371900826446281 0.7866004962779156 0.19669421487603306 0.13523573200992556
5 0.3066115702479339 0.8052109181141439 0.18181818181818182 0.11538461538461539
4 0.6661157024793388 0.8629032258064516 0.46942148760330576 0.271712158808933