4 0.7408854166666666 0.16898148148148148 0.0203125 0.027777777777777776
4 0.8239583333333333 0.20833333333333334 0.028645833333333332 0.028703703703703703
4 0.8247395833333333 0.24027777777777778 0.03229166666666667 0.03148148148148148
4 0.8153645833333333 0.2800925925925926 0.04895833333333333 0.058333333333333334
5 0.6940104166666666 0.28379629629629627 0.015625 0.04259259259259259
4 0.8135416666666667 0.33240740740740743 0.065625 0.07407407407407407
5 0.7341145833333333 0.362962962962963 0.024479166666666666 0.06759259259259259
5 0.6830729166666667 0.4185185185185185 0.0265625 0.06759259259259259
4 0.8033854166666666 0.44074074074074077 0.09114583333333333 0.15
5 0.4752604166666667 0.524537037037037 0.051041666666666666 0.10833333333333334
4 0.76796875 0.6449074074074074 0.13229166666666667 0.30185185185185187