4 0.5586776859504132 0.5049627791563276 0.021487603305785124 0.019851116625310174
4 0.5553719008264463 0.5093052109181141 0.021487603305785124 0.019851116625310174
4 0.509090909090909 0.5353598014888338 0.02975206611570248 0.018610421836228287
4 0.6297520661157024 0.5409429280397022 0.03636363636363636 0.02357320099255583
4 0.5933884297520661 0.5446650124069479 0.03636363636363636 0.026054590570719603
4 0.44297520661157025 0.5732009925558312 0.047933884297520664 0.03722084367245657
4 0.5289256198347108 0.5880893300248139 0.047933884297520664 0.03225806451612903
4 0.30578512396694213 0.6104218362282878 0.0512396694214876 0.034739454094292806
4 0.38181818181818183 0.6482630272952854 0.06446280991735537 0.04590570719602978
5 0.8809917355371901 0.6879652605459057 0.03636363636363636 0.03722084367245657
4 0.5082644628099173 0.705955334987593 0.09090909090909091 0.06947890818858561
4 0.687603305785124 0.706575682382134 0.08760330578512397 0.05707196029776675