4 0.7403645833333333 0.16805555555555557 0.01875 0.026851851851851852
4 0.7653645833333333 0.1875 0.022916666666666665 0.02962962962962963
4 0.8236979166666667 0.21944444444444444 0.033854166666666664 0.02962962962962963
4 0.82578125 0.2439814814814815 0.034375 0.03796296296296296
5 0.6684895833333333 0.3060185185185185 0.021875 0.049074074074074076
4 0.8153645833333333 0.33240740740740743 0.07083333333333333 0.07685185185185185
5 0.7440104166666667 0.3333333333333333 0.0234375 0.06388888888888888
5 0.5966145833333333 0.38101851851851853 0.030729166666666665 0.0712962962962963
4 0.8033854166666666 0.45601851851851855 0.0890625 0.175
5 0.5841145833333333 0.5203703703703704 0.03697916666666667 0.09074074074074075
4 0.7684895833333333 0.6546296296296297 0.13333333333333333 0.29074074074074074
5 0.20208333333333334 0.8689814814814815 0.10364583333333334 0.18611111111111112
5 0.11692708333333333 0.899537037037037 0.08697916666666666 0.17314814814814813