5 0.26197916666666665 0.1050925925925926 0.0234375 0.05648148148148148
5 0.37265625 0.1162037037037037 0.020833333333333332 0.06481481481481481
4 0.24713541666666666 0.017592592592592594 0.030208333333333334 0.02962962962962963
5 0.41380208333333335 0.20601851851851852 0.021875 0.05925925925925926
5 0.20885416666666667 0.26805555555555555 0.046875 0.12314814814814815
5 0.49505208333333334 0.2814814814814815 0.036458333333333336 0.08518518518518518
6 0.29375 0.03425925925925926 0.03697916666666667 0.06851851851851852
5 0.5940104166666667 0.38796296296296295 0.05572916666666667 0.10925925925925926
5 0.32369791666666664 0.4351851851851852 0.06041666666666667 0.175
5 0.39739583333333334 0.45046296296296295 0.05677083333333333 0.15925925925925927
4 0.7614583333333333 0.7578703703703704 0.30416666666666664 0.42407407407407405