4 0.6388429752066116 0.22952853598014888 0.019834710743801654 0.013647642679900745
0 0.5867768595041323 0.2400744416873449 0.024793388429752067 0.03225806451612903
4 0.6082644628099173 0.2512406947890819 0.02975206611570248 0.018610421836228287
6 0.1834710743801653 0.29094292803970223 0.06942148760330578 0.060794044665012405
4 0.44049586776859506 0.30831265508684863 0.01652892561983471 0.02481389578163772
4 0.5677685950413223 0.3250620347394541 0.05785123966942149 0.04218362282878412
4 0.6462809917355372 0.3573200992555831 0.0743801652892562 0.05459057071960298
5 0.16033057851239668 0.4032258064516129 0.026446280991735537 0.03225806451612903
5 0.20826446280991737 0.4057071960297767 0.026446280991735537 0.04590570719602978
5 0.0884297520661157 0.45409429280397023 0.02975206611570248 0.043424317617866005
4 0.8206611570247934 0.5093052109181141 0.1256198347107438 0.08312655086848635