4 0.4231404958677686 0.31900826446280994 0.10413223140495868 0.05950413223140496
4 0.8239669421487603 0.34710743801652894 0.0859504132231405 0.08099173553719008
5 0.7123966942148761 0.3793388429752066 0.026446280991735537 0.04462809917355372
5 0.9520661157024793 0.3884297520661157 0.02975206611570248 0.047933884297520664
5 0.7710743801652893 0.5322314049586777 0.03801652892561983 0.09090909090909091
5 0.8413223140495868 0.5884297520661157 0.05454545454545454 0.0743801652892562
5 0.14545454545454545 0.6066115702479339 0.06776859504132231 0.09090909090909091
5 0.9388429752066115 0.6173553719008265 0.04628099173553719 0.09090909090909091
5 0.7272727272727273 0.643801652892562 0.05454545454545454 0.09421487603305785
0 0.35454545454545455 0.6735537190082644 0.6462809917355372 0.6495867768595042
5 0.8570247933884297 0.7355371900826446 0.05950413223140496 0.12231404958677686
5 0.05785123966942149 0.7702479338842976 0.09586776859504133 0.17024793388429751
5 0.6644628099173554 0.9181818181818182 0.07768595041322314 0.15041322314049588