0 0.5743801652892562 0.141439205955335 0.024793388429752067 0.022332506203473945
4 0.5851239669421487 0.1892059553349876 0.02975206611570248 0.02357320099255583
6 0.6429752066115703 0.20595533498759305 0.04462809917355372 0.05334987593052109
4 0.3743801652892562 0.20781637717121587 0.04462809917355372 0.02729528535980149
6 0.22727272727272727 0.2109181141439206 0.07107438016528926 0.05459057071960298
4 0.45867768595041325 0.23449131513647642 0.01652892561983471 0.028535980148883373
5 0.48016528925619834 0.2456575682382134 0.01652892561983471 0.026054590570719603
4 0.5603305785123966 0.2667493796526055 0.06115702479338843 0.04714640198511166
4 0.7049586776859504 0.3014888337468983 0.08099173553719008 0.06575682382133995
5 0.13388429752066117 0.3058312655086849 0.02809917355371901 0.04218362282878412
6 0.8371900826446281 0.43982630272952855 0.14049586776859505 0.1588089330024814
4 0.4644628099173554 0.6060794044665012 0.1884297520661157 0.1488833746898263
5 0.31157024793388427 0.891439205955335 0.08429752066115702 0.12655086848635236