4 0.8570247933884297 0.2619834710743802 0.11074380165289256 0.11074380165289256
5 0.6685950413223141 0.32066115702479336 0.03140495867768595 0.05619834710743802
5 0.09256198347107437 0.33140495867768593 0.07107438016528926 0.09256198347107437
6 0.8818181818181818 0.03801652892561983 0.0512396694214876 0.0743801652892562
5 0.3578512396694215 0.39090909090909093 0.0628099173553719 0.08760330578512397
5 0.7363636363636363 0.4462809917355372 0.0512396694214876 0.09256198347107437
6 0.5330578512396694 0.6528925619834711 0.34049586776859503 0.5801652892561984
4 0.5834710743801653 0.08181818181818182 0.06446280991735537 0.05454545454545454
4 0.7669421487603306 0.10082644628099173 0.0628099173553719 0.0628099173553719
4 0.6537190082644628 0.10413223140495868 0.06942148760330578 0.05950413223140496
5 0.8330578512396695 0.10661157024793388 0.026446280991735537 0.047933884297520664
5 0.4859504132231405 0.12727272727272726 0.026446280991735537 0.04132231404958678
4 0.740495867768595 0.01652892561983471 0.04132231404958678 0.02809917355371901