5 0.24297520661157024 0.2636363636363636 0.047933884297520664 0.08264462809917356
5 0.6297520661157024 0.26611570247933886 0.04132231404958678 0.0512396694214876
5 0.35206611570247937 0.29173553719008266 0.049586776859504134 0.09586776859504133
5 0.1578512396694215 0.34049586776859503 0.047933884297520664 0.08925619834710743
5 0.2909090909090909 0.343801652892562 0.047933884297520664 0.08760330578512397
5 0.40826446280991735 0.38181818181818183 0.06115702479338843 0.08925619834710743
5 0.04628099173553719 0.4289256198347107 0.06776859504132231 0.10743801652892562
4 0.7115702479338843 0.484297520661157 0.2644628099173554 0.4099173553719008
5 0.5082644628099173 0.515702479338843 0.07272727272727272 0.12231404958677686
5 0.22231404958677686 0.5413223140495868 0.06942148760330578 0.12727272727272726
5 0.3495867768595041 0.5900826446280992 0.07107438016528926 0.1256198347107438
4 0.3628099173553719 0.07024793388429752 0.07933884297520662 0.08264462809917356
5 0.48016528925619834 0.7 0.0859504132231405 0.14380165289256197
5 0.11983471074380166 0.07190082644628099 0.024793388429752067 0.04628099173553719
5 0.29421487603305785 0.8553719008264463 0.0743801652892562 0.16363636363636364
5 0.08016528925619834 0.10578512396694215 0.03140495867768595 0.0512396694214876
5 0.23471074380165288 0.11074380165289256 0.03636363636363636 0.08760330578512397
4 0.5677685950413223 0.1322314049586777 0.09090909090909091 0.11074380165289256
5 0.28512396694214875 0.15950413223140497 0.03471074380165289 0.07107438016528926
5 0.18264462809917356 0.16198347107438016 0.03636363636363636 0.06942148760330578