4 0.343801652892562 0.18677685950413223 0.049586776859504134 0.047933884297520664
4 0.04462809917355372 0.228099173553719 0.08925619834710743 0.06446280991735537
5 0.18925619834710744 0.24297520661157024 0.03471074380165289 0.047933884297520664
5 0.3413223140495868 0.24380165289256198 0.024793388429752067 0.0512396694214876
5 0.30082644628099175 0.2950413223140496 0.026446280991735537 0.047933884297520664
5 0.2413223140495868 0.30247933884297523 0.024793388429752067 0.04297520661157025
5 0.17603305785123968 0.32975206611570246 0.049586776859504134 0.06776859504132231
4 0.3925619834710744 0.34793388429752065 0.11570247933884298 0.14049586776859505
5 0.20413223140495868 0.38264462809917354 0.03471074380165289 0.06611570247933884
5 0.2991735537190083 0.45454545454545453 0.04132231404958678 0.07768595041322314
5 0.05950413223140496 0.4826446280991736 0.05950413223140496 0.07603305785123966
4 0.5933884297520661 0.6495867768595042 0.19008264462809918 0.2694214876033058
5 0.0859504132231405 0.671900826446281 0.0628099173553719 0.1024793388429752
5 0.14297520661157026 0.8785123966942149 0.09752066115702479 0.171900826446281
4 0.42479338842975206 0.10991735537190082 0.03140495867768595 0.021487603305785124
4 0.38181818181818183 0.14793388429752066 0.03801652892561983 0.03801652892561983