4 0.8096354166666667 0.300462962962963 0.06302083333333333 0.1
4 0.28020833333333334 0.30972222222222223 0.12083333333333333 0.13425925925925927
5 0.5721354166666667 0.32083333333333336 0.026041666666666668 0.06666666666666667
4 0.178125 0.32222222222222224 0.13020833333333334 0.15
4 0.065625 0.3236111111111111 0.12760416666666666 0.20833333333333334
5 0.6028645833333334 0.3333333333333333 0.022395833333333334 0.06388888888888888
5 0.47994791666666664 0.37824074074074077 0.027083333333333334 0.08888888888888889
5 0.3171875 0.3962962962962963 0.05260416666666667 0.11574074074074074
4 0.8088541666666667 0.4212962962962963 0.08229166666666667 0.14722222222222223
5 0.6018229166666667 0.5587962962962963 0.0515625 0.13518518518518519
5 0.2078125 0.700925925925926 0.08645833333333333 0.17037037037037037