6 0.5710743801652892 0.1780397022332506 0.0743801652892562 0.05583126550868486
5 0.6272727272727273 0.20471464019851116 0.019834710743801654 0.02729528535980149
5 0.43553719008264463 0.27233250620347393 0.02809917355371901 0.034739454094292806
5 0.3743801652892562 0.293424317617866 0.03140495867768595 0.043424317617866005
5 0.29173553719008266 0.30893300248138955 0.02809917355371901 0.038461538461538464
4 0.7223140495867768 0.31017369727047145 0.08429752066115702 0.05831265508684864
5 0.19421487603305784 0.32754342431761785 0.03140495867768595 0.043424317617866005
5 0.15702479338842976 0.36662531017369726 0.04297520661157025 0.04218362282878412
5 0.07355371900826446 0.4094292803970223 0.05454545454545454 0.06451612903225806
6 0.3743801652892562 0.5279156327543424 0.2462809917355372 0.2369727047146402
4 0.5917355371900826 0.7475186104218362 0.26611570247933886 0.2196029776674938