5 0.8272727272727273 0.21215880893300249 0.023140495867768594 0.028535980148883373
5 0.7165289256198347 0.23821339950372208 0.02809917355371901 0.028535980148883373
5 0.6305785123966943 0.34801488833746896 0.04132231404958678 0.052109181141439205
5 0.71900826446281 0.3684863523573201 0.04132231404958678 0.05334987593052109
4 0.7900826446280992 0.3951612903225806 0.15537190082644628 0.1141439205955335
5 0.5132231404958678 0.40384615384615385 0.05289256198347107 0.062034739454094295
5 0.9396694214876034 0.40508684863523575 0.04628099173553719 0.06575682382133995
5 0.8983471074380165 0.4944168734491315 0.04628099173553719 0.06699751861042183
4 0.6743801652892562 0.5539702233250621 0.2396694214876033 0.19230769230769232
4 0.228099173553719 0.565136476426799 0.456198347107438 0.34615384615384615
4 0.8859504132231405 0.78287841191067 0.22479338842975208 0.43300248138957814
5 0.631404958677686 0.7977667493796526 0.10082644628099173 0.12903225806451613