4 0.6619834710743802 0.1879652605459057 0.02809917355371901 0.019851116625310174
6 0.24297520661157024 0.20409429280397023 0.07933884297520662 0.05955334987593052
4 0.5793388429752067 0.2512406947890819 0.05785123966942149 0.04590570719602978
4 0.1305785123966942 0.2518610421836228 0.07603305785123966 0.03970223325062035
4 0.3090909090909091 0.2524813895781638 0.06611570247933884 0.04962779156327544
5 0.4570247933884298 0.27109181141439204 0.023140495867768594 0.038461538461538464
5 0.15206611570247933 0.3052109181141439 0.024793388429752067 0.03225806451612903
6 0.7702479338842976 0.33312655086848636 0.11570247933884298 0.1228287841191067
5 0.10082644628099173 0.3424317617866005 0.02809917355371901 0.03970223325062035
5 0.17355371900826447 0.3901985111662531 0.03140495867768595 0.06575682382133995
5 0.03140495867768595 0.45409429280397023 0.04628099173553719 0.05831265508684864
5 0.04132231404958678 0.5552109181141439 0.05289256198347107 0.07568238213399504
4 0.8214876033057851 0.7096774193548387 0.27107438016528923 0.22084367245657568