4 0.33636363636363636 0.13337468982630274 0.08099173553719008 0.05955334987593052
5 0.24297520661157024 0.15260545905707196 0.02975206611570248 0.03722084367245657
4 0.47768595041322315 0.1575682382133995 0.08429752066115702 0.06451612903225806
4 0.10743801652892562 0.16253101736972705 0.0859504132231405 0.06327543424317618
5 0.021487603305785124 0.17866004962779156 0.02975206611570248 0.033498759305210915
5 0.18429752066115704 0.1805210918114144 0.03140495867768595 0.043424317617866005
5 0.5206611570247934 0.206575682382134 0.04297520661157025 0.052109181141439205
5 0.21983471074380165 0.271712158808933 0.05785123966942149 0.0707196029776675
5 0.4900826446280992 0.29280397022332505 0.04297520661157025 0.052109181141439205
4 0.3586776859504132 0.2977667493796526 0.14710743801652892 0.12903225806451613
5 0.048760330578512395 0.3957816377171216 0.05289256198347107 0.06947890818858561
4 0.631404958677686 0.3970223325062035 0.23801652892561984 0.2456575682382134
5 0.18099173553719008 0.40260545905707196 0.07107438016528926 0.07196029776674938
4 0.3231404958677686 0.5775434243176178 0.24793388429752067 0.22084367245657568
4 0.21570247933884298 0.07754342431761786 0.049586776859504134 0.034739454094292806
5 0.8272727272727273 0.7797766749379652 0.1024793388429752 0.1588089330024814
4 0.24049586776859505 0.09863523573200993 0.05619834710743802 0.03722084367245657