4 0.7408854166666666 0.1685185185185185 0.021875 0.02962962962962963
4 0.8244791666666667 0.23935185185185184 0.0328125 0.032407407407407406
4 0.746875 0.28703703703703703 0.05364583333333333 0.0824074074074074
4 0.81328125 0.3337962962962963 0.0671875 0.07314814814814814
5 0.7369791666666666 0.3736111111111111 0.0265625 0.08888888888888889
4 0.6309895833333333 0.4263888888888889 0.09947916666666666 0.13240740740740742
4 0.8026041666666667 0.44212962962962965 0.09166666666666666 0.14814814814814814
5 0.5661458333333333 0.4564814814814815 0.03229166666666667 0.06851851851851852
5 0.6619791666666667 0.6300925925925925 0.03697916666666667 0.08333333333333333
4 0.7682291666666666 0.6458333333333334 0.13333333333333333 0.2953703703703704
5 0.48463541666666665 0.8875 0.0890625 0.22314814814814815