5 0.31900826446280994 0.2049586776859504 0.019834710743801654 0.04462809917355372
6 0.5049586776859504 0.23884297520661157 0.07603305785123966 0.11900826446280992
5 0.4223140495867769 0.23884297520661157 0.026446280991735537 0.04297520661157025
4 0.2619834710743802 0.2396694214876033 0.0743801652892562 0.0743801652892562
5 0.14545454545454545 0.2983471074380165 0.04132231404958678 0.05454545454545454
5 0.18264462809917356 0.3305785123966942 0.03966942148760331 0.07107438016528926
5 0.23471074380165288 0.48677685950413224 0.04132231404958678 0.07933884297520662
4 0.33884297520661155 0.587603305785124 0.1652892561983471 0.2231404958677686
5 0.5322314049586777 0.8570247933884297 0.09586776859504133 0.1884297520661157
4 0.34628099173553717 0.11900826446280992 0.02975206611570248 0.02809917355371901
4 0.387603305785124 0.11983471074380166 0.02975206611570248 0.02975206611570248
4 0.46198347107438015 0.14214876033057852 0.03636363636363636 0.04132231404958678
4 0.39173553719008264 0.16446280991735537 0.04628099173553719 0.04462809917355372