4 0.7419270833333333 0.16898148148148148 0.020833333333333332 0.030555555555555555
4 0.8234375 0.20601851851851852 0.026041666666666668 0.025
4 0.8231770833333333 0.23935185185185184 0.029166666666666667 0.027777777777777776
4 0.8161458333333333 0.2800925925925926 0.050520833333333334 0.06111111111111111
4 0.8145833333333333 0.3337962962962963 0.06979166666666667 0.07685185185185185
5 0.72421875 0.38472222222222224 0.025520833333333333 0.0787037037037037
4 0.8044270833333333 0.4532407407407407 0.09166666666666666 0.17962962962962964
5 0.6739583333333333 0.4824074074074074 0.034375 0.07314814814814814
4 0.484375 0.5277777777777778 0.17239583333333333 0.2518518518518518
5 0.6028645833333334 0.5481481481481482 0.043229166666666666 0.12777777777777777
5 0.63359375 0.749537037037037 0.06302083333333333 0.16944444444444445