6 0.9148760330578513 0.14826302729528537 0.03636363636363636 0.033498759305210915
4 0.9586776859504132 0.16501240694789082 0.04132231404958678 0.02481389578163772
4 0.6041322314049586 0.18176178660049627 0.047933884297520664 0.026054590570719603
5 0.7454545454545455 0.24193548387096775 0.03305785123966942 0.034739454094292806
5 0.3165289256198347 0.2642679900744417 0.024793388429752067 0.04094292803970223
4 0.8099173553719008 0.2859801488833747 0.08760330578512397 0.06575682382133995
5 0.5239669421487604 0.3232009925558313 0.03305785123966942 0.03722084367245657
5 0.10578512396694215 0.3281637717121588 0.03636363636363636 0.034739454094292806
5 0.18099173553719008 0.33002481389578164 0.03636363636363636 0.04838709677419355
5 0.00909090909090909 0.3598014888337469 0.01818181818181818 0.05334987593052109
5 0.3628099173553719 0.38089330024813894 0.03636363636363636 0.04218362282878412
5 0.15537190082644628 0.5080645161290323 0.06942148760330578 0.06823821339950373
4 0.6421487603305785 0.6935483870967742 0.2462809917355372 0.22580645161290322
5 0.16446280991735537 0.8045905707196029 0.1024793388429752 0.12034739454094293