5 0.1347107438016529 0.12903225806451613 0.03140495867768595 0.038461538461538464
5 0.3528925619834711 0.13213399503722084 0.03140495867768595 0.05831265508684864
5 0.5115702479338843 0.15942928039702234 0.04132231404958678 0.04590570719602978
5 0.25867768595041324 0.18238213399503722 0.03471074380165289 0.04962779156327544
5 0.5785123966942148 0.2022332506203474 0.04462809917355372 0.06327543424317618
5 0.6652892561983471 0.20471464019851116 0.03966942148760331 0.04466501240694789
4 0.371900826446281 0.022332506203473945 0.049586776859504134 0.03598014888337469
5 0.05702479338842975 0.24317617866004962 0.03966942148760331 0.04714640198511166
4 0.43636363636363634 0.27481389578163773 0.14214876033057852 0.11166253101736973
5 0.6900826446280992 0.28970223325062033 0.05619834710743802 0.06947890818858561
4 0.11652892561983472 0.31699751861042186 0.16859504132231404 0.12158808933002481
5 0.5743801652892562 0.3939205955334988 0.05619834710743802 0.07196029776674938
4 0.4371900826446281 0.04652605459057072 0.0628099173553719 0.04590570719602978
4 0.8132231404958677 0.45905707196029777 0.2611570247933884 0.18734491315136476
5 0.5694214876033058 0.5192307692307693 0.06446280991735537 0.09305210918114144
5 0.32727272727272727 0.532258064516129 0.07603305785123966 0.11538461538461539
5 0.26694214876033057 0.6060794044665012 0.07603305785123966 0.11786600496277916
5 0.4578512396694215 0.7779156327543424 0.09256198347107437 0.11290322580645161
4 0.6041322314049586 0.09057071960297766 0.07933884297520662 0.07444168734491315