4 0.15619834710743802 0.14267990074441686 0.06115702479338843 0.034739454094292806
4 0.08429752066115702 0.1588089330024814 0.06115702479338843 0.03970223325062035
5 0.14049586776859505 0.18362282878411912 0.024793388429752067 0.033498759305210915
4 0.29173553719008266 0.19416873449131514 0.07768595041322314 0.06451612903225806
5 0.20082644628099172 0.25682382133995035 0.026446280991735537 0.034739454094292806
4 0.37272727272727274 0.2630272952853598 0.1024793388429752 0.07196029776674938
5 0.23057851239669422 0.29466501240694787 0.03636363636363636 0.04094292803970223
5 0.128099173553719 0.35173697270471466 0.047933884297520664 0.060794044665012405
4 0.4636363636363636 0.3889578163771712 0.18016528925619835 0.14640198511166252
5 0.08429752066115702 0.45905707196029777 0.06446280991735537 0.07816377171215881
4 0.23057851239669422 0.674937965260546 0.27768595041322314 0.29404466501240695
4 0.8074380165289257 0.8492555831265509 0.38181818181818183 0.29652605459057074