4 0.82421875 0.21805555555555556 0.03333333333333333 0.030555555555555555
4 0.8247395833333333 0.25462962962962965 0.035416666666666666 0.05277777777777778
5 0.7791666666666667 0.2564814814814815 0.015625 0.03518518518518519
5 0.7013020833333333 0.2865740740740741 0.021354166666666667 0.053703703703703705
5 0.6653645833333334 0.287962962962963 0.022395833333333334 0.06574074074074074
4 0.81640625 0.3337962962962963 0.07083333333333333 0.08425925925925926
5 0.5755208333333334 0.41203703703703703 0.035416666666666666 0.08703703703703704
5 0.6903645833333333 0.4300925925925926 0.030729166666666665 0.08148148148148149
4 0.80390625 0.4648148148148148 0.09166666666666666 0.1638888888888889
5 0.67734375 0.7037037037037037 0.04635416666666667 0.1425925925925926
5 0.3390625 0.7578703703703704 0.08385416666666666 0.14907407407407408