4 0.40578512396694216 0.18181818181818182 0.06115702479338843 0.06611570247933884
4 0.20082644628099172 0.19090909090909092 0.10578512396694215 0.1206611570247934
5 0.30413223140495865 0.24380165289256198 0.026446280991735537 0.05619834710743802
4 0.47520661157024796 0.25206611570247933 0.07272727272727272 0.07768595041322314
5 0.20909090909090908 0.359504132231405 0.03636363636363636 0.06115702479338843
0 0.5231404958677686 0.3884297520661157 0.13553719008264462 0.16859504132231404
5 0.41818181818181815 0.4413223140495868 0.03636363636363636 0.07107438016528926
5 0.33636363636363636 0.48016528925619834 0.04132231404958678 0.07933884297520662
5 0.13636363636363635 0.4933884297520661 0.05950413223140496 0.08429752066115702
5 0.19669421487603306 0.5809917355371901 0.05619834710743802 0.10082644628099173
5 0.34545454545454546 0.7586776859504132 0.05785123966942149 0.1206611570247934
5 0.03884297520661157 0.8876033057851239 0.07768595041322314 0.16033057851239668
4 0.3752066115702479 0.09917355371900827 0.02975206611570248 0.03140495867768595
4 0.15454545454545454 0.1578512396694215 0.05289256198347107 0.05619834710743802