5 0.8008264462809918 0.31157024793388427 0.023140495867768594 0.03636363636363636
5 0.6363636363636364 0.3165289256198347 0.023140495867768594 0.03636363636363636
5 0.7115702479338843 0.31900826446280994 0.024793388429752067 0.03636363636363636
4 0.31239669421487604 0.32727272727272727 0.1024793388429752 0.06115702479338843
5 0.7545454545454545 0.35702479338842974 0.024793388429752067 0.04297520661157025
5 0.5380165289256198 0.3578512396694215 0.024793388429752067 0.04462809917355372
5 0.6446280991735537 0.3933884297520661 0.03636363636363636 0.07768595041322314
5 0.3487603305785124 0.4066115702479339 0.03636363636363636 0.06115702479338843
5 0.6471074380165289 0.4066115702479339 0.02809917355371901 0.0512396694214876
5 0.7917355371900826 0.44049586776859506 0.03801652892561983 0.05619834710743802
5 0.8884297520661157 0.4471074380165289 0.03305785123966942 0.05619834710743802
4 0.6677685950413224 0.5619834710743802 0.16033057851239668 0.19008264462809918
5 0.2396694214876033 0.5818181818181818 0.05619834710743802 0.08925619834710743
5 0.4553719008264463 0.7669421487603306 0.06115702479338843 0.11735537190082644
5 0.9644628099173553 0.7801652892561983 0.05454545454545454 0.1140495867768595