4 0.06536458333333334 0.31851851851851853 0.128125 0.22314814814814815
4 0.17552083333333332 0.32222222222222224 0.13072916666666667 0.1527777777777778
5 0.5088541666666667 0.32222222222222224 0.0296875 0.07407407407407407
5 0.5838541666666667 0.3226851851851852 0.020833333333333332 0.07037037037037037
5 0.7393229166666667 0.3537037037037037 0.024479166666666666 0.06296296296296296
5 0.7046875 0.35509259259259257 0.025520833333333333 0.07962962962962963
5 0.65078125 0.38935185185185184 0.023958333333333335 0.046296296296296294
5 0.20494791666666667 0.41064814814814815 0.06510416666666667 0.13518518518518519
4 0.8080729166666667 0.4337962962962963 0.08177083333333333 0.11851851851851852
5 0.334375 0.4356481481481482 0.05364583333333333 0.13425925925925927
5 0.2 0.6259259259259259 0.09947916666666666 0.22777777777777777