4 0.4793388429752066 0.013647642679900745 0.0628099173553719 0.02729528535980149
5 0.7082644628099174 0.24751861042183623 0.04462809917355372 0.062034739454094295
5 0.7760330578512397 0.28101736972704716 0.06776859504132231 0.08188585607940446
4 0.9462809917355371 0.3579404466501241 0.10413223140495868 0.1575682382133995
4 0.7380165289256199 0.03970223325062035 0.08099173553719008 0.05583126550868486
5 0.2396694214876033 0.047766749379652605 0.026446280991735537 0.038461538461538464
0 0.4066115702479339 0.4801488833746898 0.4925619834710744 0.6799007444168734
5 0.6380165289256199 0.05521091811414392 0.02809917355371901 0.04838709677419355
4 0.9520661157024793 0.6240694789081885 0.09421487603305785 0.3064516129032258
5 0.7066115702479339 0.08622828784119106 0.03305785123966942 0.062034739454094295
5 0.5388429752066116 0.11228287841191067 0.047933884297520664 0.04466501240694789