5 0.6057851239669422 0.16611570247933885 0.02809917355371901 0.03305785123966942
5 0.2809917355371901 0.18016528925619835 0.026446280991735537 0.04132231404958678
5 0.3752066115702479 0.19834710743801653 0.02975206611570248 0.04462809917355372
5 0.48677685950413224 0.2 0.03140495867768595 0.047933884297520664
5 0.2958677685950413 0.24297520661157024 0.02809917355371901 0.04297520661157025
5 0.656198347107438 0.24297520661157024 0.021487603305785124 0.03966942148760331
5 0.23553719008264462 0.2537190082644628 0.026446280991735537 0.04297520661157025
5 0.6223140495867768 0.2553719008264463 0.02809917355371901 0.03966942148760331
5 0.35619834710743803 0.2950413223140496 0.049586776859504134 0.05950413223140496
5 0.6090909090909091 0.3371900826446281 0.03966942148760331 0.06446280991735537
5 0.2619834710743802 0.35619834710743803 0.04132231404958678 0.06446280991735537
5 0.3347107438016529 0.38925619834710745 0.03801652892561983 0.0743801652892562
5 0.5851239669421487 0.4066115702479339 0.04132231404958678 0.07272727272727272
5 0.6115702479338843 0.5099173553719009 0.05785123966942149 0.07107438016528926
4 0.4487603305785124 0.5867768595041323 0.19504132231404958 0.31074380165289256
5 0.21652892561983472 0.6173553719008265 0.07768595041322314 0.1256198347107438
4 0.7975206611570248 0.6247933884297521 0.25950413223140495 0.3752066115702479
4 0.5760330578512397 0.07272727272727272 0.02809917355371901 0.02975206611570248
4 0.6024793388429752 0.0884297520661157 0.03801652892561983 0.04132231404958678
4 0.456198347107438 0.09669421487603305 0.03966942148760331 0.04132231404958678
5 0.36446280991735536 0.11983471074380166 0.019834710743801654 0.03636363636363636
5 0.5206611570247934 0.15702479338842976 0.023140495867768594 0.03140495867768595