4 0.40826446280991735 0.31575682382133996 0.05289256198347107 0.03598014888337469
4 0.22892561983471074 0.3207196029776675 0.06776859504132231 0.05086848635235732
5 0.3165289256198347 0.3436724565756824 0.03471074380165289 0.038461538461538464
4 0.1537190082644628 0.34925558312655086 0.07603305785123966 0.04094292803970223
4 0.25041322314049586 0.4857320099255583 0.14710743801652892 0.10918114143920596
4 0.05950413223140496 0.49317617866004965 0.11570247933884298 0.10297766749379653
5 0.3942148760330578 0.532258064516129 0.047933884297520664 0.05955334987593052
5 0.017355371900826446 0.5787841191066998 0.03305785123966942 0.0707196029776675
5 0.3090909090909091 0.5794044665012407 0.05289256198347107 0.07320099255583126
5 0.49669421487603305 0.609181141439206 0.047933884297520664 0.0794044665012407
5 0.4297520661157025 0.6191066997518611 0.05454545454545454 0.08933002481389578
6 0.671900826446281 0.7034739454094293 0.3074380165289256 0.36476426799007444
5 0.38181818181818183 0.7363523573200993 0.08099173553719008 0.11166253101736973
5 0.10413223140495868 0.8188585607940446 0.09752066115702479 0.11786600496277916
4 0.2396694214876033 0.9150124069478908 0.39008264462809916 0.1674937965260546