4 0.3231404958677686 0.12779156327543426 0.07768595041322314 0.062034739454094295
4 0.20578512396694215 0.141439205955335 0.0743801652892562 0.05086848635235732
5 0.06611570247933884 0.14640198511166252 0.024793388429752067 0.034739454094292806
5 0.4652892561983471 0.15074441687344914 0.02809917355371901 0.04218362282878412
5 0.2545454545454545 0.16687344913151364 0.024793388429752067 0.033498759305210915
5 0.38016528925619836 0.21650124069478907 0.03966942148760331 0.06699751861042183
5 0.547107438016529 0.228287841191067 0.03471074380165289 0.04094292803970223
5 0.4371900826446281 0.24503722084367247 0.047933884297520664 0.0707196029776675
4 0.3181818181818182 0.2617866004962779 0.13388429752066117 0.10794044665012408
5 0.10578512396694215 0.2673697270471464 0.03966942148760331 0.05707196029776675
5 0.18016528925619835 0.33064516129032256 0.04132231404958678 0.05583126550868486
4 0.628099173553719 0.3411910669975186 0.18016528925619835 0.14764267990074442
5 0.34545454545454546 0.3560794044665012 0.07107438016528926 0.08312655086848635
5 0.843801652892562 0.5620347394540943 0.08429752066115702 0.11042183622828784
4 0.39173553719008264 0.6172456575682382 0.28429752066115704 0.2816377171215881
5 0.8090909090909091 0.8312655086848635 0.14380165289256197 0.0880893300248139
4 0.2190082644628099 0.10607940446650124 0.0628099173553719 0.033498759305210915