4 0.7403645833333333 0.16944444444444445 0.019791666666666666 0.026851851851851852
4 0.6794270833333333 0.2162037037037037 0.0359375 0.046296296296296294
4 0.8278645833333333 0.23935185185185184 0.03697916666666667 0.037037037037037035
4 0.82109375 0.33796296296296297 0.06197916666666667 0.09722222222222222
5 0.6973958333333333 0.3402777777777778 0.021354166666666667 0.06851851851851852
5 0.7528645833333333 0.3662037037037037 0.021875 0.05
5 0.7234375 0.36666666666666664 0.021354166666666667 0.075
5 0.5557291666666667 0.5115740740740741 0.04791666666666667 0.10092592592592593
4 0.79921875 0.5314814814814814 0.12552083333333333 0.24722222222222223
4 0.5541666666666667 0.6893518518518519 0.19010416666666666 0.2638888888888889
5 0.24088541666666666 0.8476851851851852 0.09270833333333334 0.19907407407407407