4 0.40743801652892564 0.21239669421487603 0.04132231404958678 0.04462809917355372
4 0.2785123966942149 0.21652892561983472 0.03636363636363636 0.03471074380165289
4 0.33140495867768593 0.2611570247933884 0.05785123966942149 0.05950413223140496
5 0.2785123966942149 0.30330578512396694 0.021487603305785124 0.047933884297520664
4 0.19504132231404958 0.31983471074380165 0.08925619834710743 0.0859504132231405
4 0.45206611570247934 0.3305785123966942 0.06942148760330578 0.0743801652892562
5 0.1347107438016529 0.3933884297520661 0.03471074380165289 0.07107438016528926
5 0.07024793388429752 0.44214876033057854 0.04462809917355372 0.08760330578512397
5 0.2818181818181818 0.47024793388429753 0.02975206611570248 0.05289256198347107
5 0.4396694214876033 0.5115702479338843 0.04297520661157025 0.06942148760330578
4 0.17107438016528925 0.5685950413223141 0.19669421487603306 0.23305785123966943
6 0.6347107438016529 0.6867768595041323 0.30082644628099175 0.47603305785123967