4 0.21983471074380165 0.12468982630272953 0.08760330578512397 0.07444168734491315
5 0.256198347107438 0.1445409429280397 0.03140495867768595 0.06327543424317618
5 0.5330578512396694 0.15570719602977667 0.02975206611570248 0.03598014888337469
5 0.30082644628099175 0.15694789081885857 0.02975206611570248 0.04962779156327544
5 0.10413223140495868 0.18114143920595532 0.03471074380165289 0.04962779156327544
4 0.4297520661157025 0.20719602977667495 0.09752066115702479 0.08188585607940446
5 0.03801652892561983 0.2140198511166253 0.047933884297520664 0.05831265508684864
5 0.49173553719008267 0.23076923076923078 0.0512396694214876 0.08436724565756824
4 0.7289256198347107 0.2704714640198511 0.18016528925619835 0.10794044665012408
4 0.18264462809917356 0.2872208436724566 0.10578512396694215 0.10421836228287841
0 0.30991735537190085 0.3238213399503722 0.2231404958677686 0.24069478908188585
5 0.02727272727272727 0.3436724565756824 0.05454545454545454 0.07692307692307693
5 0.6512396694214876 0.3535980148883375 0.05950413223140496 0.07816377171215881
5 0.7429752066115702 0.4088089330024814 0.07272727272727272 0.09057071960297766
0 0.4644628099173554 0.4435483870967742 0.3140495867768595 0.3238213399503722
5 0.8471074380165289 0.45471464019851116 0.07272727272727272 0.0967741935483871
5 0.03884297520661157 0.6581885856079405 0.07603305785123966 0.12406947890818859
4 0.915702479338843 0.6892059553349876 0.1652892561983471 0.2543424317617866
5 0.18677685950413223 0.7692307692307693 0.09917355371900827 0.15260545905707196