0 0.7801652892561983 0.3560794044665012 0.04132231404958678 0.03722084367245657
4 0.768595041322314 0.4088089330024814 0.04462809917355372 0.02729528535980149
4 0.9314049586776859 0.41997518610421836 0.04297520661157025 0.03225806451612903
4 0.8429752066115702 0.423697270471464 0.05454545454545454 0.03598014888337469
5 0.6082644628099173 0.4317617866004963 0.019834710743801654 0.028535980148883373
5 0.9107438016528926 0.4913151364764268 0.023140495867768594 0.03970223325062035
5 0.6545454545454545 0.5012406947890818 0.03305785123966942 0.038461538461538464
4 0.7512396694214876 0.5173697270471465 0.09752066115702479 0.08684863523573201
0 0.4909090909090909 0.5241935483870968 0.20991735537190082 0.16997518610421836
5 0.8735537190082645 0.5316377171215881 0.03966942148760331 0.05707196029776675
5 0.3396694214876033 0.5787841191066998 0.047933884297520664 0.05459057071960298
5 0.9107438016528926 0.630272952853598 0.04132231404958678 0.062034739454094295
5 0.2322314049586777 0.6513647642679901 0.06776859504132231 0.08684863523573201
5 0.5132231404958678 0.7549627791563276 0.05454545454545454 0.07692307692307693
5 0.6661157024793388 0.8660049627791563 0.0743801652892562 0.11662531017369727