4 0.6487603305785123 0.13771712158808933 0.06776859504132231 0.04590570719602978
5 0.3082644628099174 0.14516129032258066 0.03471074380165289 0.04466501240694789
5 0.2545454545454545 0.15570719602977667 0.02809917355371901 0.04590570719602978
4 0.8082644628099174 0.18114143920595532 0.08264462809917356 0.062034739454094295
5 0.3685950413223141 0.23200992555831265 0.03140495867768595 0.04218362282878412
5 0.4884297520661157 0.23635235732009927 0.04297520661157025 0.06575682382133995
5 0.023966942148760332 0.29094292803970223 0.04462809917355372 0.07692307692307693
5 0.39917355371900826 0.3033498759305211 0.05454545454545454 0.05459057071960298
5 0.2768595041322314 0.31017369727047145 0.049586776859504134 0.06451612903225806
4 0.556198347107438 0.038461538461538464 0.03801652892561983 0.019851116625310174
4 0.5388429752066116 0.5843672456575683 0.18016528925619835 0.23200992555831265
5 0.412396694214876 0.10359801488833748 0.021487603305785124 0.02977667493796526
5 0.3652892561983471 0.10607940446650124 0.026446280991735537 0.033498759305210915