4 0.7450520833333333 0.25925925925925924 0.028125 0.03518518518518519
4 0.30416666666666664 0.30833333333333335 0.12395833333333334 0.11481481481481481
5 0.5770833333333333 0.3143518518518518 0.021875 0.046296296296296294
4 0.06588541666666667 0.3194444444444444 0.12916666666666668 0.22592592592592592
4 0.18203125 0.3194444444444444 0.11666666666666667 0.1425925925925926
5 0.7059895833333333 0.34675925925925927 0.01875 0.044444444444444446
5 0.3697916666666667 0.3819444444444444 0.043229166666666666 0.13333333333333333
5 0.6411458333333333 0.40370370370370373 0.024479166666666666 0.05648148148148148
4 0.8140625 0.42685185185185187 0.08802083333333334 0.1259259259259259
5 0.1234375 0.43472222222222223 0.07395833333333333 0.16944444444444445
5 0.4869791666666667 0.4587962962962963 0.03802083333333333 0.125
5 0.5315104166666667 0.562962962962963 0.057291666666666664 0.1574074074074074
4 0.271875 0.6351851851851852 0.28802083333333334 0.3287037037037037
5 0.1578125 0.8435185185185186 0.159375 0.3111111111111111