4 0.690625 0.20277777777777778 0.04635416666666667 0.05
4 0.8236979166666667 0.21666666666666667 0.0328125 0.032407407407407406
4 0.67890625 0.22037037037037038 0.0359375 0.04351851851851852
4 0.8239583333333333 0.2550925925925926 0.036458333333333336 0.05277777777777778
4 0.8171875 0.33240740740740743 0.06770833333333333 0.08333333333333333
5 0.6583333333333333 0.3384259259259259 0.0265625 0.06481481481481481
5 0.5986979166666667 0.3597222222222222 0.034895833333333334 0.07037037037037037
5 0.68671875 0.3814814814814815 0.026041666666666668 0.08611111111111111
4 0.80390625 0.45925925925925926 0.09114583333333333 0.17962962962962964
4 0.5322916666666667 0.5078703703703704 0.15625 0.22314814814814815
5 0.14088541666666668 0.8023148148148148 0.090625 0.14537037037037037
4 0.21927083333333333 0.8944444444444445 0.278125 0.20925925925925926