5 0.02066115702479339 0.1532258064516129 0.03636363636363636 0.05459057071960298
4 0.30082644628099175 0.20719602977667495 0.12396694214876033 0.11042183622828784
5 0.16859504132231404 0.20967741935483872 0.049586776859504134 0.05583126550868486
4 0.5008264462809917 0.2531017369727047 0.13553719008264462 0.17369727047146402
5 0.33140495867768593 0.3163771712158809 0.05785123966942149 0.07444168734491315
5 0.24710743801652893 0.3901985111662531 0.0743801652892562 0.10049627791563276
5 0.3239669421487603 0.4100496277915633 0.06611570247933884 0.10794044665012408
5 0.04462809917355372 0.45781637717121587 0.07603305785123966 0.09181141439205956
5 0.26859504132231404 0.6023573200992556 0.08429752066115702 0.10918114143920596
4 0.47107438016528924 0.6767990074441688 0.27768595041322314 0.39081885856079407
5 0.023966942148760332 0.738833746898263 0.047933884297520664 0.1315136476426799
5 0.16859504132231404 0.8306451612903226 0.14214876033057852 0.17121588089330025
4 0.19008264462809918 0.09429280397022333 0.13884297520661157 0.13771712158808933
4 0.5082644628099173 0.10669975186104218 0.09090909090909091 0.08560794044665013
5 0.41818181818181815 0.11910669975186104 0.04297520661157025 0.06947890818858561
4 0.3140495867768595 0.12220843672456576 0.09421487603305785 0.07196029776674938