5 0.5413223140495868 0.13957816377171217 0.04628099173553719 0.05955334987593052
4 0.7636363636363637 0.1792803970223325 0.15206611570247933 0.09925558312655088
5 0.023966942148760332 0.21277915632754343 0.04628099173553719 0.08312655086848635
5 0.5264462809917355 0.21650124069478907 0.05785123966942149 0.08436724565756824
5 0.7355371900826446 0.2667493796526055 0.06611570247933884 0.08436724565756824
5 0.5925619834710744 0.28101736972704716 0.07272727272727272 0.07444168734491315
4 0.13884297520661157 0.3250620347394541 0.23140495867768596 0.18858560794044665
5 0.4371900826446281 0.33002481389578164 0.08429752066115702 0.09553349875930521
4 0.3165289256198347 0.033498759305210915 0.0859504132231405 0.06575682382133995
4 0.5578512396694215 0.45781637717121587 0.2743801652892562 0.24069478908188585
5 0.9181818181818182 0.4807692307692308 0.09752066115702479 0.12034739454094293
5 0.16198347107438016 0.5099255583126551 0.07107438016528926 0.11042183622828784
5 0.12975206611570247 0.0837468982630273 0.03471074380165289 0.04218362282878412
5 0.4578512396694215 0.08498759305210918 0.03636363636363636 0.06823821339950373
5 0.571900826446281 0.8554590570719603 0.15041322314049588 0.18982630272952852
4 0.6834710743801653 0.09739454094292804 0.13388429752066117 0.10049627791563276
4 0.2537190082644628 0.11538461538461539 0.14545454545454545 0.10297766749379653