4 0.74296875 0.16898148148148148 0.0234375 0.030555555555555555
4 0.7854166666666667 0.19675925925925927 0.028645833333333332 0.03425925925925926
4 0.7859375 0.2064814814814815 0.028125 0.021296296296296296
4 0.8244791666666667 0.21805555555555556 0.03229166666666667 0.02962962962962963
4 0.8252604166666667 0.2550925925925926 0.03802083333333333 0.05648148148148148
5 0.7059895833333333 0.2601851851851852 0.0203125 0.04259259259259259
5 0.6666666666666666 0.31712962962962965 0.022395833333333334 0.05462962962962963
4 0.8158854166666667 0.3347222222222222 0.06822916666666666 0.08796296296296297
5 0.6197916666666666 0.3347222222222222 0.022395833333333334 0.05277777777777778
5 0.7213541666666666 0.37777777777777777 0.027604166666666666 0.07407407407407407
4 0.803125 0.46435185185185185 0.09010416666666667 0.1675925925925926
5 0.5138020833333333 0.9060185185185186 0.08697916666666666 0.18611111111111112