5 0.2619834710743802 0.12841191066997518 0.06446280991735537 0.06823821339950373
5 0.3504132231404959 0.1513647642679901 0.06611570247933884 0.07444168734491315
5 0.26776859504132233 0.21650124069478907 0.06611570247933884 0.08933002481389578
5 0.021487603305785124 0.3058312655086849 0.04132231404958678 0.08312655086848635
5 0.10909090909090909 0.3573200992555831 0.09090909090909091 0.11166253101736973
5 0.8892561983471075 0.3579404466501241 0.1024793388429752 0.11538461538461539
4 0.34710743801652894 0.3883374689826303 0.3239669421487603 0.25930521091811415
4 0.9636363636363636 0.04528535980148883 0.07272727272727272 0.09057071960297766
5 0.43553719008264463 0.05831265508684864 0.047933884297520664 0.0707196029776675
5 0.37272727272727274 0.06017369727047146 0.04297520661157025 0.05086848635235732
5 0.5016528925619834 0.642059553349876 0.1206611570247934 0.15508684863523572
5 0.49669421487603305 0.06823821339950373 0.047933884297520664 0.06699751861042183
5 0.15041322314049588 0.08560794044665013 0.0512396694214876 0.0707196029776675
4 0.6264462809917355 0.0880893300248139 0.17024793388429751 0.12903225806451613
5 0.5892561983471074 0.8827543424317618 0.14545454545454545 0.2109181141439206
5 0.9851239669421488 0.10483870967741936 0.026446280991735537 0.06575682382133995