4 0.7411458333333333 0.1685185185185185 0.0203125 0.028703703703703703
4 0.8229166666666666 0.21805555555555556 0.03177083333333333 0.030555555555555555
4 0.6802083333333333 0.22037037037037038 0.035416666666666666 0.04351851851851852
4 0.8252604166666667 0.2449074074074074 0.03229166666666667 0.03611111111111111
4 0.8138020833333334 0.27870370370370373 0.04479166666666667 0.037037037037037035
4 0.64375 0.27870370370370373 0.05677083333333333 0.06574074074074074
5 0.69921875 0.2953703703703704 0.0171875 0.05740740740740741
4 0.8143229166666667 0.3314814814814815 0.06822916666666666 0.0824074074074074
5 0.7338541666666667 0.33425925925925926 0.022916666666666665 0.053703703703703705
5 0.6260416666666667 0.35185185185185186 0.021875 0.05925925925925926
5 0.5416666666666666 0.41759259259259257 0.04114583333333333 0.07962962962962963
4 0.8033854166666666 0.4583333333333333 0.08802083333333334 0.175
5 0.5044270833333333 0.5217592592592593 0.04479166666666667 0.11666666666666667
5 0.43463541666666666 0.5564814814814815 0.053125 0.10277777777777777
4 0.6109375 0.575 0.18020833333333333 0.2518518518518518