4 0.20330578512396694 0.12655086848635236 0.07272727272727272 0.06575682382133995
4 0.46033057851239667 0.12903225806451613 0.06446280991735537 0.04838709677419355
4 0.15454545454545454 0.1619106699751861 0.07933884297520662 0.05955334987593052
4 0.27520661157024795 0.16377171215880892 0.09752066115702479 0.0880893300248139
5 0.048760330578512395 0.16501240694789082 0.026446280991735537 0.038461538461538464
5 0.5479338842975207 0.23759305210918114 0.03801652892561983 0.06823821339950373
5 0.29669421487603304 0.24689826302729528 0.03636363636363636 0.05334987593052109
5 0.35206611570247937 0.2555831265508685 0.04462809917355372 0.06575682382133995
5 0.42396694214876035 0.2617866004962779 0.04462809917355372 0.07568238213399504
5 0.5074380165289256 0.2673697270471464 0.0512396694214876 0.07196029776674938
5 0.39669421487603307 0.33002481389578164 0.05289256198347107 0.07692307692307693
5 0.16033057851239668 0.34925558312655086 0.05454545454545454 0.0707196029776675
5 0.596694214876033 0.36042183622828783 0.0512396694214876 0.06699751861042183
4 0.30082644628099175 0.38461538461538464 0.1884297520661157 0.16377171215880892
5 0.4644628099173554 0.3883374689826303 0.06942148760330578 0.08933002481389578
4 0.7975206611570248 0.5694789081885856 0.315702479338843 0.2630272952853598
5 0.4727272727272727 0.6160049627791563 0.08760330578512397 0.11042183622828784
5 0.03471074380165289 0.6612903225806451 0.06942148760330578 0.10918114143920596
4 0.4991735537190083 0.8982630272952854 0.9983471074380166 0.20099255583126552
4 0.31074380165289256 0.09925558312655088 0.05454545454545454 0.03722084367245657