5 0.2708333333333333 0.10555555555555556 0.025 0.0712962962962963
5 0.23385416666666667 0.10925925925925926 0.023958333333333335 0.07407407407407407
6 0.40703125 0.14537037037037037 0.07916666666666666 0.18333333333333332
5 0.49921875 0.1824074074074074 0.04479166666666667 0.07222222222222222
4 0.34036458333333336 0.02175925925925926 0.025 0.02962962962962963
5 0.3533854166666667 0.21388888888888888 0.03125 0.07777777777777778
5 0.29375 0.21851851851851853 0.027083333333333334 0.08148148148148149
5 0.496875 0.2638888888888889 0.035416666666666666 0.06481481481481481
5 0.5203125 0.38055555555555554 0.03802083333333333 0.075
5 0.5828125 0.48564814814814816 0.06041666666666667 0.16018518518518518
5 0.7036458333333333 0.663425925925926 0.09375 0.1824074074074074
5 0.8010416666666667 0.6995370370370371 0.08020833333333334 0.18055555555555555
5 0.8359375 0.9 0.10104166666666667 0.19814814814814816