5 0.2611570247933884 0.12903225806451613 0.024793388429752067 0.03225806451612903
5 0.3512396694214876 0.13027295285359802 0.024793388429752067 0.031017369727047148
5 0.3090909090909091 0.13027295285359802 0.026446280991735537 0.031017369727047148
4 0.7297520661157024 0.02357320099255583 0.023140495867768594 0.02109181141439206
4 0.7942148760330578 0.02729528535980149 0.03305785123966942 0.022332506203473945
5 0.3338842975206612 0.2866004962779156 0.03966942148760331 0.05086848635235732
4 0.8975206611570248 0.5080645161290323 0.20165289256198346 0.17990074441687345
5 0.12148760330578512 0.510545905707196 0.07768595041322314 0.09429280397022333
4 0.7735537190082644 0.056451612903225805 0.03636363636363636 0.028535980148883373
5 0.5933884297520661 0.06823821339950373 0.01487603305785124 0.02357320099255583
4 0.6859504132231405 0.08684863523573201 0.049586776859504134 0.04094292803970223