4 0.70625 0.2712962962962963 0.046875 0.08333333333333333
5 0.61953125 0.31296296296296294 0.024479166666666666 0.07407407407407407
4 0.06302083333333333 0.31851851851851853 0.12604166666666666 0.23148148148148148
5 0.5794270833333334 0.3199074074074074 0.027604166666666666 0.0787037037037037
4 0.17786458333333333 0.32083333333333336 0.1265625 0.14629629629629629
5 0.52578125 0.34629629629629627 0.025 0.05648148148148148
5 0.44635416666666666 0.3611111111111111 0.03802083333333333 0.0962962962962963
4 0.81015625 0.4212962962962963 0.078125 0.13703703703703704
4 0.24114583333333334 0.42407407407407405 0.1890625 0.20555555555555555
5 0.34817708333333336 0.6319444444444444 0.08645833333333333 0.23055555555555557
5 0.4674479166666667 0.7375 0.08541666666666667 0.2518518518518518