5 0.9661157024793389 0.4658808933002481 0.04297520661157025 0.04466501240694789
4 0.16611570247933885 0.48883374689826303 0.06115702479338843 0.038461538461538464
5 0.8471074380165289 0.511166253101737 0.05454545454545454 0.04838709677419355
5 0.7239669421487603 0.5297766749379652 0.07768595041322314 0.052109181141439205
4 0.9694214876033058 0.5638957816377171 0.05950413223140496 0.08560794044665013
5 0.8338842975206612 0.6817617866004962 0.06776859504132231 0.09057071960297766
5 0.7140495867768595 0.7307692307692307 0.1140495867768595 0.09801488833746898
4 0.3685950413223141 0.7313895781637717 0.45289256198347105 0.23076923076923078
5 0.9702479338842975 0.750620347394541 0.05619834710743802 0.08188585607940446
5 0.8677685950413223 0.8269230769230769 0.1305785123966942 0.09801488833746898
5 0.743801652892562 0.9330024813895782 0.1487603305785124 0.1315136476426799
5 0.9115702479338843 0.9652605459057072 0.11735537190082644 0.06823821339950373