4 0.5710743801652892 0.14081885856079404 0.06115702479338843 0.04218362282878412
5 0.48760330578512395 0.14205955334987594 0.021487603305785124 0.03722084367245657
4 0.6033057851239669 0.19230769230769232 0.10743801652892562 0.0794044665012407
5 0.3512396694214876 0.2543424317617866 0.03636363636363636 0.04714640198511166
4 0.5264462809917355 0.25744416873449133 0.1487603305785124 0.11910669975186104
5 0.19586776859504132 0.2903225806451613 0.0512396694214876 0.060794044665012405
5 0.5181818181818182 0.4075682382133995 0.0628099173553719 0.08188585607940446
5 0.2421487603305785 0.4075682382133995 0.06611570247933884 0.07320099255583126
5 0.41735537190082644 0.4088089330024814 0.05289256198347107 0.07444168734491315
5 0.5421487603305785 0.5086848635235732 0.05619834710743802 0.07568238213399504
4 0.6760330578512397 0.7729528535980149 0.34049586776859503 0.4491315136476427
4 0.1884297520661157 0.7897022332506204 0.3768595041322314 0.40818858560794047
5 0.38264462809917354 0.8784119106699751 0.10743801652892562 0.15384615384615385