4 0.6247933884297521 0.16611570247933885 0.024793388429752067 0.021487603305785124
4 0.5206611570247934 0.21983471074380165 0.04132231404958678 0.03801652892561983
4 0.640495867768595 0.26611570247933886 0.05619834710743802 0.05289256198347107
5 0.47851239669421486 0.27520661157024795 0.023140495867768594 0.04628099173553719
5 0.4049586776859504 0.3066115702479339 0.026446280991735537 0.047933884297520664
5 0.33140495867768593 0.3487603305785124 0.02809917355371901 0.04297520661157025
5 0.6520661157024793 0.38099173553719007 0.02809917355371901 0.05619834710743802
5 0.7198347107438017 0.4471074380165289 0.03140495867768595 0.05785123966942149
5 0.8264462809917356 0.5140495867768595 0.04462809917355372 0.07933884297520662
4 0.2413223140495868 0.5297520661157025 0.18512396694214875 0.16033057851239668
5 0.6223140495867768 0.556198347107438 0.0512396694214876 0.06611570247933884
5 0.7652892561983471 0.6140495867768595 0.04628099173553719 0.1024793388429752
5 0.8074380165289257 0.7107438016528925 0.05785123966942149 0.10578512396694215
5 0.5983471074380166 0.7586776859504132 0.0628099173553719 0.12396694214876033
5 0.2 0.8462809917355372 0.08925619834710743 0.14545454545454545
5 0.9008264462809917 0.8859504132231405 0.07933884297520662 0.14545454545454545