4 0.74140625 0.16805555555555557 0.021875 0.02962962962962963
4 0.8231770833333333 0.20787037037037037 0.028645833333333332 0.027777777777777776
4 0.67734375 0.21851851851851853 0.03177083333333333 0.04351851851851852
4 0.8229166666666666 0.23981481481481481 0.028645833333333332 0.027777777777777776
4 0.8158854166666667 0.2791666666666667 0.050520833333333334 0.058333333333333334
5 0.6705729166666666 0.3148148148148148 0.025 0.06388888888888888
4 0.8143229166666667 0.3333333333333333 0.06979166666666667 0.07777777777777778
4 0.8049479166666667 0.4537037037037037 0.09270833333333334 0.18333333333333332
5 0.3463541666666667 0.5930555555555556 0.0359375 0.1111111111111111
5 0.37890625 0.6208333333333333 0.04375 0.12962962962962962
5 0.42473958333333334 0.6796296296296296 0.075 0.1685185185185185