4 0.7363636363636363 0.2816377171215881 0.026446280991735537 0.019851116625310174
4 0.6768595041322314 0.29156327543424315 0.03471074380165289 0.02109181141439206
4 0.7487603305785124 0.31265508684863524 0.04297520661157025 0.028535980148883373
4 0.6347107438016529 0.37034739454094295 0.06942148760330578 0.04714640198511166
4 0.5107438016528926 0.3790322580645161 0.0628099173553719 0.03970223325062035
4 0.7396694214876033 0.3815136476426799 0.05619834710743802 0.03970223325062035
4 0.5388429752066116 0.4491315136476427 0.0859504132231405 0.05707196029776675
5 0.1347107438016529 0.45347394540942926 0.03140495867768595 0.03722084367245657
5 0.19090909090909092 0.45533498759305213 0.02809917355371901 0.03598014888337469
4 0.6520661157024793 0.47890818858560796 0.09586776859504133 0.06575682382133995
5 0.35206611570247937 0.5303970223325062 0.04628099173553719 0.04838709677419355
4 0.4462809917355372 0.5576923076923077 0.13388429752066117 0.08933002481389578
0 0.11818181818181818 0.6284119106699751 0.23471074380165288 0.33002481389578164