4 0.40743801652892564 0.1358560794044665 0.07768595041322314 0.06947890818858561
5 0.31983471074380165 0.1445409429280397 0.02809917355371901 0.04218362282878412
5 0.11487603305785124 0.21588089330024815 0.03471074380165289 0.043424317617866005
4 0.4297520661157025 0.228287841191067 0.10082644628099173 0.10049627791563276
5 0.18512396694214875 0.22952853598014888 0.04628099173553719 0.05955334987593052
5 0.2528925619834711 0.2673697270471464 0.03471074380165289 0.04838709677419355
5 0.033884297520661154 0.27729528535980147 0.049586776859504134 0.05459057071960298
5 0.5752066115702479 0.2834987593052109 0.04462809917355372 0.06947890818858561
5 0.3074380165289256 0.31575682382133996 0.03966942148760331 0.052109181141439205
5 0.5049586776859504 0.33064516129032256 0.047933884297520664 0.06947890818858561
4 0.31735537190082647 0.033498759305210915 0.03636363636363636 0.033498759305210915
5 0.43636363636363634 0.413151364764268 0.05289256198347107 0.06823821339950373
5 0.33636363636363636 0.4299007444168734 0.047933884297520664 0.0707196029776675
0 0.39090909090909093 0.04466501240694789 0.06942148760330578 0.08188585607940446
4 0.49504132231404957 0.04962779156327544 0.047933884297520664 0.038461538461538464
6 0.731404958677686 0.56575682382134 0.3504132231404959 0.5372208436724566
4 0.24462809917355371 0.7450372208436724 0.31900826446280994 0.43672456575682383
4 0.5132231404958678 0.09801488833746898 0.05619834710743802 0.04714640198511166
4 0.19586776859504132 0.09987593052109181 0.07603305785123966 0.04962779156327544