5 0.6057851239669422 0.1358560794044665 0.04628099173553719 0.06451612903225806
4 0.35619834710743803 0.13833746898263027 0.18677685950413223 0.1761786600496278
4 0.7867768595041322 0.15260545905707196 0.13884297520661157 0.12903225806451613
5 0.1206611570247934 0.16687344913151364 0.05289256198347107 0.062034739454094295
5 0.5264462809917355 0.19292803970223324 0.0512396694214876 0.07692307692307693
5 0.6793388429752066 0.22952853598014888 0.04628099173553719 0.07816377171215881
5 0.1652892561983471 0.2425558312655087 0.05950413223140496 0.07816377171215881
5 0.6148760330578512 0.358560794044665 0.05785123966942149 0.06947890818858561
4 0.8652892561983471 0.380272952853598 0.23636363636363636 0.24069478908188585
5 0.5297520661157025 0.04466501240694789 0.03636363636363636 0.060794044665012405
0 0.2884297520661157 0.6184863523573201 0.5603305785123966 0.760545905707196
5 0.06115702479338843 0.6327543424317618 0.08760330578512397 0.11910669975186104
5 0.44049586776859506 0.009305210918114143 0.019834710743801654 0.018610421836228287
5 0.25206611570247933 0.1228287841191067 0.049586776859504134 0.06699751861042183