4 0.7520833333333333 0.20416666666666666 0.03229166666666667 0.05462962962962963
4 0.8231770833333333 0.20833333333333334 0.030208333333333334 0.027777777777777776
0 0.6838541666666667 0.22685185185185186 0.04895833333333333 0.05925925925925926
5 0.7763020833333333 0.26481481481481484 0.017708333333333333 0.03796296296296296
4 0.8140625 0.27824074074074073 0.043229166666666666 0.03425925925925926
4 0.8140625 0.3314814814814815 0.06770833333333333 0.08148148148148149
4 0.8026041666666667 0.44537037037037036 0.08958333333333333 0.1638888888888889
4 0.6440104166666667 0.4615740740740741 0.13177083333333334 0.1638888888888889
5 0.5401041666666667 0.462037037037037 0.04010416666666667 0.09907407407407408
5 0.67421875 0.6305555555555555 0.0390625 0.07685185185185185
6 0.7666666666666667 0.6518518518518519 0.13385416666666666 0.29444444444444445