4 0.6041322314049586 0.13709677419354838 0.06611570247933884 0.04838709677419355
5 0.0834710743801653 0.1619106699751861 0.026446280991735537 0.038461538461538464
5 0.03305785123966942 0.18734491315136476 0.03140495867768595 0.03722084367245657
4 0.6768595041322314 0.2227047146401985 0.1024793388429752 0.07196029776674938
5 0.2537190082644628 0.32878411910669975 0.05619834710743802 0.05831265508684864
4 0.8380165289256198 0.37779156327543423 0.2049586776859504 0.12406947890818859
6 0.06446280991735537 0.04032258064516129 0.08264462809917356 0.06451612903225806
6 0.512396694214876 0.04404466501240695 0.0512396694214876 0.05583126550868486
4 0.42727272727272725 0.06327543424317618 0.04297520661157025 0.031017369727047148
5 0.1305785123966942 0.09429280397022333 0.021487603305785124 0.03722084367245657
4 0.5413223140495868 0.09491315136476426 0.06115702479338843 0.04962779156327544
4 0.543801652892562 0.01054590570719603 0.03471074380165289 0.017369727047146403