5 0.46033057851239667 0.21487603305785125 0.01818181818181818 0.049586776859504134
5 0.31322314049586775 0.2578512396694215 0.019834710743801654 0.03966942148760331
5 0.3702479338842975 0.2793388429752066 0.02975206611570248 0.04628099173553719
5 0.6975206611570248 0.328099173553719 0.02809917355371901 0.047933884297520664
5 0.5950413223140496 0.3512396694214876 0.03140495867768595 0.05454545454545454
4 0.25950413223140495 0.35537190082644626 0.11900826446280992 0.10578512396694215
5 0.13388429752066117 0.4 0.03966942148760331 0.06611570247933884
5 0.3603305785123967 0.4446280991735537 0.04132231404958678 0.06115702479338843
5 0.2322314049586777 0.5619834710743802 0.06942148760330578 0.09090909090909091
4 0.47520661157024796 0.6537190082644628 0.1834710743801653 0.25950413223140495
5 0.6958677685950413 0.6595041322314049 0.05785123966942149 0.1140495867768595
5 0.9041322314049587 0.8975206611570248 0.07768595041322314 0.15537190082644628
4 0.5570247933884298 0.10495867768595041 0.02975206611570248 0.026446280991735537
4 0.5074380165289256 0.15867768595041323 0.03636363636363636 0.03801652892561983