4 0.39090909090909093 0.01818181818181818 0.06776859504132231 0.03471074380165289
5 0.35619834710743803 0.16942148760330578 0.03140495867768595 0.05289256198347107
4 0.6173553719008265 0.2834710743801653 0.14710743801652892 0.17355371900826447
4 0.1140495867768595 0.3330578512396694 0.20330578512396694 0.18677685950413223
4 0.5413223140495868 0.04628099173553719 0.0743801652892562 0.0859504132231405
5 0.2066115702479339 0.05371900826446281 0.02975206611570248 0.05289256198347107
4 0.27520661157024795 0.05537190082644628 0.09421487603305785 0.09421487603305785
5 0.14132231404958678 0.6512396694214876 0.07272727272727272 0.12727272727272726
5 0.509090909090909 0.10578512396694215 0.02975206611570248 0.05619834710743802
5 0.2537190082644628 0.1305785123966942 0.03471074380165289 0.05950413223140496
5 0.4537190082644628 0.1652892561983471 0.03801652892561983 0.08099173553719008