4 0.7408854166666666 0.1685185185185185 0.019270833333333334 0.028703703703703703
4 0.6791666666666667 0.21851851851851853 0.0359375 0.04259259259259259
4 0.8244791666666667 0.24444444444444444 0.03177083333333333 0.03333333333333333
4 0.70390625 0.2638888888888889 0.05 0.08611111111111111
5 0.7763020833333333 0.2722222222222222 0.017708333333333333 0.04814814814814815
4 0.63984375 0.27824074074074073 0.051041666666666666 0.06666666666666667
4 0.8182291666666667 0.32037037037037036 0.0703125 0.07592592592592592
5 0.7369791666666666 0.33611111111111114 0.025 0.07685185185185185
4 0.8033854166666666 0.46111111111111114 0.08802083333333334 0.16666666666666666
5 0.72421875 0.5287037037037037 0.0359375 0.10277777777777777
5 0.6005208333333333 0.5745370370370371 0.04635416666666667 0.12962962962962962