4 0.7419270833333333 0.1685185185185185 0.019791666666666666 0.02962962962962963
4 0.6924479166666667 0.22824074074074074 0.0390625 0.05185185185185185
4 0.8244791666666667 0.23703703703703705 0.033854166666666664 0.032407407407407406
4 0.81484375 0.2800925925925926 0.050520833333333334 0.06111111111111111
5 0.7598958333333333 0.31527777777777777 0.01875 0.05555555555555555
4 0.81328125 0.33194444444444443 0.06614583333333333 0.0712962962962963
5 0.7234375 0.3351851851851852 0.01875 0.044444444444444446
5 0.634375 0.38472222222222224 0.04010416666666667 0.07037037037037037
4 0.8026041666666667 0.4425925925925926 0.0890625 0.14537037037037037
4 0.4747395833333333 0.5106481481481482 0.14791666666666667 0.21388888888888888
4 0.5971354166666667 0.5949074074074074 0.171875 0.22592592592592592
4 0.7677083333333333 0.6486111111111111 0.13385416666666666 0.2953703703703704
5 0.64765625 0.7606481481481482 0.0671875 0.22037037037037038