5 0.584297520661157 0.35619834710743803 0.02809917355371901 0.04132231404958678
4 0.7760330578512397 0.3652892561983471 0.06942148760330578 0.0628099173553719
5 0.6892561983471074 0.38016528925619836 0.021487603305785124 0.03305785123966942
4 0.3702479338842975 0.384297520661157 0.10082644628099173 0.05950413223140496
5 0.8768595041322315 0.3851239669421488 0.024793388429752067 0.03801652892561983
5 0.8545454545454545 0.48925619834710743 0.03801652892561983 0.08760330578512397
5 0.31157024793388427 0.5181818181818182 0.03140495867768595 0.049586776859504134
5 0.6966942148760331 0.5256198347107438 0.04462809917355372 0.07107438016528926
5 0.8016528925619835 0.5628099173553719 0.03801652892561983 0.07768595041322314
0 0.49669421487603305 0.5644628099173554 0.3305785123966942 0.3884297520661157
5 0.8876033057851239 0.6181818181818182 0.0512396694214876 0.08760330578512397
5 0.22727272727272727 0.6479338842975206 0.06446280991735537 0.08099173553719008
5 0.675206611570248 0.7454545454545455 0.05454545454545454 0.09586776859504133
5 0.9768595041322314 0.8115702479338843 0.04297520661157025 0.12892561983471074