4 0.7416666666666667 0.17083333333333334 0.021875 0.030555555555555555
4 0.6802083333333333 0.2199074074074074 0.036458333333333336 0.044444444444444446
6 0.7575520833333333 0.22962962962962963 0.052083333333333336 0.08148148148148149
4 0.8151041666666666 0.3333333333333333 0.07083333333333333 0.08148148148148149
5 0.58203125 0.3851851851851852 0.0328125 0.07037037037037037
5 0.7104166666666667 0.3925925925925926 0.0265625 0.0712962962962963
4 0.8033854166666666 0.4583333333333333 0.09010416666666667 0.17314814814814813
5 0.5114583333333333 0.4597222222222222 0.043229166666666666 0.10833333333333334
5 0.37213541666666666 0.5652777777777778 0.06354166666666666 0.11574074074074074
5 0.25338541666666664 0.7754629629629629 0.09479166666666666 0.1287037037037037
4 0.17421875 0.9138888888888889 0.25364583333333335 0.17222222222222222