4 0.6289256198347107 0.44044665012406947 0.03966942148760331 0.03225806451612903
4 0.31735537190082647 0.4491315136476427 0.047933884297520664 0.033498759305210915
4 0.40165289256198344 0.45905707196029777 0.05289256198347107 0.04218362282878412
4 0.7702479338842976 0.46153846153846156 0.04628099173553719 0.03598014888337469
4 0.8082644628099174 0.47146401985111663 0.06776859504132231 0.043424317617866005
4 0.2628099173553719 0.5198511166253101 0.07933884297520662 0.05459057071960298
4 0.959504132231405 0.5378411910669976 0.07933884297520662 0.05831265508684864
5 0.8090909090909091 0.542803970223325 0.024793388429752067 0.031017369727047148
5 0.8776859504132232 0.6048387096774194 0.04132231404958678 0.05334987593052109
4 0.3702479338842975 0.6184863523573201 0.10082644628099173 0.07692307692307693
4 0.7090909090909091 0.6439205955334988 0.14049586776859505 0.09925558312655088
5 0.9900826446280991 0.6532258064516129 0.019834710743801654 0.05459057071960298