4 0.7419270833333333 0.16898148148148148 0.0203125 0.02962962962962963
4 0.6953125 0.20092592592592592 0.04114583333333333 0.04814814814814815
4 0.8231770833333333 0.20925925925925926 0.030729166666666665 0.025
4 0.67890625 0.2199074074074074 0.034895833333333334 0.04351851851851852
4 0.8244791666666667 0.25555555555555554 0.036458333333333336 0.05277777777777778
5 0.7161458333333334 0.27314814814814814 0.0171875 0.05
5 0.66640625 0.2865740740740741 0.016666666666666666 0.049074074074074076
4 0.8174479166666667 0.33240740740740743 0.06822916666666666 0.08333333333333333
4 0.5942708333333333 0.4305555555555556 0.11822916666666666 0.1787037037037037
4 0.8028645833333333 0.4671296296296296 0.08958333333333333 0.15925925925925927
5 0.43125 0.549074074074074 0.059895833333333336 0.10648148148148148
5 0.36015625 0.6462962962962963 0.06041666666666667 0.12037037037037036
5 0.24375 0.7324074074074074 0.07239583333333334 0.14444444444444443
4 0.21067708333333332 0.8921296296296296 0.2953125 0.21388888888888888