4 0.7411458333333333 0.1685185185185185 0.022395833333333334 0.030555555555555555
4 0.8247395833333333 0.21851851851851853 0.03333333333333333 0.037037037037037035
4 0.80234375 0.2763888888888889 0.07708333333333334 0.08055555555555556
4 0.8135416666666667 0.32916666666666666 0.06666666666666667 0.075
5 0.6375 0.33240740740740743 0.023958333333333335 0.062037037037037036
4 0.7231770833333333 0.3574074074074074 0.0890625 0.12407407407407407
4 0.8026041666666667 0.44212962962962965 0.08958333333333333 0.14907407407407408
5 0.4752604166666667 0.5504629629629629 0.04895833333333333 0.12314814814814815
5 0.38307291666666665 0.6101851851851852 0.0625 0.12222222222222222
4 0.76875 0.6523148148148148 0.134375 0.2916666666666667
5 0.40911458333333334 0.7078703703703704 0.07291666666666667 0.1787037037037037