5 0.912396694214876 0.12965260545905707 0.024793388429752067 0.04094292803970223
5 0.9578512396694215 0.1501240694789082 0.03636363636363636 0.03722084367245657
5 0.8520661157024794 0.2109181141439206 0.049586776859504134 0.07320099255583126
5 0.9314049586776859 0.2512406947890819 0.04462809917355372 0.06451612903225806
5 0.7793388429752066 0.2586848635235732 0.04462809917355372 0.06451612903225806
5 0.8942148760330578 0.26240694789081886 0.04628099173553719 0.08436724565756824
5 0.8495867768595041 0.37779156327543423 0.06446280991735537 0.08064516129032258
5 0.9297520661157025 0.41935483870967744 0.06115702479338843 0.08064516129032258
0 0.39173553719008264 0.4826302729528536 0.6214876033057851 0.43548387096774194
4 0.9289256198347108 0.07754342431761786 0.11570247933884298 0.05955334987593052
4 0.6033057851239669 0.8107940446650124 0.3768595041322314 0.271712158808933