4 0.6173553719008265 0.12841191066997518 0.03305785123966942 0.02481389578163772
6 0.21735537190082643 0.14764267990074442 0.06776859504132231 0.04962779156327544
5 0.456198347107438 0.15508684863523572 0.013223140495867768 0.02109181141439206
4 0.6652892561983471 0.1606699751861042 0.04132231404958678 0.031017369727047148
4 0.5975206611570248 0.18176178660049627 0.049586776859504134 0.04094292803970223
5 0.2793388429752066 0.20905707196029777 0.023140495867768594 0.03598014888337469
5 0.4793388429752066 0.22518610421836227 0.023140495867768594 0.03970223325062035
5 0.21322314049586777 0.2400744416873449 0.019834710743801654 0.031017369727047148
5 0.25702479338842976 0.2692307692307692 0.02975206611570248 0.03722084367245657
5 0.07603305785123966 0.3399503722084367 0.03966942148760331 0.04590570719602978
4 0.7933884297520661 0.3883374689826303 0.1537190082644628 0.12531017369727046
5 0.0768595041322314 0.5986352357320099 0.06942148760330578 0.08312655086848635
5 0.8066115702479338 0.7102977667493796 0.08429752066115702 0.10669975186104218
4 0.5578512396694215 0.09739454094292804 0.023140495867768594 0.022332506203473945