4 0.78046875 0.24953703703703703 0.025520833333333333 0.028703703703703703
4 0.06588541666666667 0.3189814814814815 0.12864583333333332 0.22870370370370371
4 0.17734375 0.3212962962962963 0.13020833333333334 0.14814814814814814
4 0.48411458333333335 0.3402777777777778 0.0796875 0.11481481481481481
5 0.72265625 0.3509259259259259 0.025 0.07592592592592592
4 0.4109375 0.3958333333333333 0.1875 0.21666666666666667
5 0.68515625 0.41712962962962963 0.022916666666666665 0.041666666666666664
4 0.8109375 0.42916666666666664 0.08072916666666667 0.12314814814814815
5 0.59375 0.46620370370370373 0.05364583333333333 0.1537037037037037
5 0.5481770833333334 0.5416666666666666 0.0484375 0.15185185185185185
5 0.24791666666666667 0.7606481481481482 0.11197916666666667 0.2657407407407407