4 0.48512396694214877 0.12468982630272953 0.05454545454545454 0.038461538461538464
5 0.23553719008264462 0.1315136476426799 0.021487603305785124 0.028535980148883373
5 0.28677685950413223 0.1346153846153846 0.021487603305785124 0.028535980148883373
5 0.03636363636363636 0.14578163771712158 0.02809917355371901 0.038461538461538464
5 0.22231404958677686 0.206575682382134 0.03140495867768595 0.04962779156327544
6 0.7834710743801653 0.28970223325062033 0.18016528925619835 0.12406947890818859
6 0.5520661157024793 0.4485111662531017 0.20826446280991737 0.3076923076923077
4 0.4223140495867769 0.07754342431761786 0.03966942148760331 0.02729528535980149
5 0.36198347107438017 0.09491315136476426 0.01652892561983471 0.02729528535980149
5 0.09586776859504133 0.09925558312655088 0.019834710743801654 0.02729528535980149
5 0.008264462809917356 0.11972704714640199 0.01652892561983471 0.031017369727047148