4 0.3694214876033058 0.17603305785123968 0.10909090909090909 0.1305785123966942
5 0.16611570247933885 0.1975206611570248 0.03636363636363636 0.05785123966942149
5 0.20826446280991737 0.23057851239669422 0.04297520661157025 0.07107438016528926
5 0.6099173553719008 0.3066115702479339 0.049586776859504134 0.07933884297520662
5 0.6785123966942149 0.31074380165289256 0.04462809917355372 0.0859504132231405
5 0.8107438016528926 0.32975206611570246 0.05289256198347107 0.08099173553719008
5 0.7347107438016529 0.39090909090909093 0.049586776859504134 0.09586776859504133
4 0.531404958677686 0.42396694214876035 0.1768595041322314 0.2727272727272727
4 0.18512396694214875 0.5008264462809917 0.24793388429752067 0.2991735537190083
4 0.6487603305785123 0.05289256198347107 0.09090909090909091 0.08099173553719008
5 0.5165289256198347 0.05785123966942149 0.024793388429752067 0.04297520661157025
5 0.5909090909090909 0.0628099173553719 0.03140495867768595 0.07272727272727272
5 0.8380165289256198 0.756198347107438 0.09917355371900827 0.1256198347107438
5 0.5520661157024793 0.08016528925619834 0.026446280991735537 0.04628099173553719
5 0.256198347107438 0.1115702479338843 0.03636363636363636 0.07603305785123966
5 0.4628099173553719 0.12727272727272726 0.03471074380165289 0.06115702479338843
5 0.628099173553719 0.15206611570247933 0.03471074380165289 0.06611570247933884