4 0.6429752066115703 0.14764267990074442 0.02975206611570248 0.02977667493796526
6 0.1628099173553719 0.1935483870967742 0.07933884297520662 0.05955334987593052
4 0.3066115702479339 0.20781637717121587 0.04462809917355372 0.02729528535980149
5 0.4537190082644628 0.2152605459057072 0.01818181818181818 0.02481389578163772
5 0.3958677685950413 0.2512406947890819 0.023140495867768594 0.03225806451612903
4 0.6809917355371901 0.271712158808933 0.05619834710743802 0.04590570719602978
5 0.06776859504132231 0.27667493796526055 0.021487603305785124 0.028535980148883373
5 0.3140495867768595 0.29838709677419356 0.02809917355371901 0.04590570719602978
4 0.6223140495867768 0.32754342431761785 0.08429752066115702 0.07320099255583126
5 0.03801652892561983 0.3566997518610422 0.03305785123966942 0.04838709677419355
5 0.22975206611570248 0.4987593052109181 0.047933884297520664 0.06575682382133995
6 0.587603305785124 0.7772952853598015 0.32727272727272727 0.445409429280397