5 0.41983471074380163 0.12903225806451613 0.024793388429752067 0.04218362282878412
4 0.2462809917355372 0.12903225806451613 0.10909090909090909 0.05583126550868486
4 0.740495867768595 0.014267990074441687 0.03966942148760331 0.026054590570719603
5 0.7338842975206612 0.1445409429280397 0.03140495867768595 0.04838709677419355
4 0.656198347107438 0.15074441687344914 0.08925619834710743 0.08560794044665013
5 0.31735537190082647 0.15384615384615385 0.03305785123966942 0.04466501240694789
5 0.5702479338842975 0.15446650124069478 0.02975206611570248 0.05334987593052109
4 0.8033057851239669 0.1674937965260546 0.09421487603305785 0.07196029776674938
5 0.2512396694214876 0.19292803970223324 0.03966942148760331 0.060794044665012405
5 0.42396694214876035 0.19416873449131514 0.026446280991735537 0.043424317617866005
5 0.7785123966942149 0.27667493796526055 0.05289256198347107 0.05707196029776675
5 0.6033057851239669 0.2866004962779156 0.047933884297520664 0.0794044665012407
4 0.3090909090909091 0.3889578163771712 0.2727272727272727 0.23945409429280398
4 0.903305785123967 0.4106699751861042 0.1884297520661157 0.18114143920595532
5 0.6727272727272727 0.45037220843672454 0.06611570247933884 0.08064516129032258
5 0.08016528925619834 0.45285359801488834 0.0859504132231405 0.09057071960297766
5 0.4471074380165289 0.5024813895781638 0.06776859504132231 0.06947890818858561
4 0.5132231404958678 0.05086848635235732 0.07272727272727272 0.0707196029776675
4 0.784297520661157 0.06265508684863523 0.06446280991735537 0.05086848635235732
5 0.4413223140495868 0.6395781637717122 0.07603305785123966 0.12034739454094293
5 0.78099173553719 0.6761786600496278 0.0743801652892562 0.11538461538461539
5 0.5669421487603306 0.7543424317617866 0.08264462809917356 0.12531017369727046
4 0.928099173553719 0.8008684863523573 0.14049586776859505 0.3957816377171216
5 0.6074380165289256 0.08436724565756824 0.021487603305785124 0.043424317617866005
4 0.4925619834710744 0.12344913151364764 0.08760330578512397 0.06699751861042183