5 0.8586776859504133 0.46898263027295284 0.04628099173553719 0.03598014888337469
0 0.49173553719008267 0.4913151364764268 0.42479338842975206 0.19975186104218362
5 0.9049586776859504 0.5117866004962779 0.06115702479338843 0.06327543424317618
5 0.7512396694214876 0.5136476426799007 0.0628099173553719 0.062034739454094295
5 0.6495867768595042 0.5849875930521092 0.08925619834710743 0.06327543424317618
5 0.959504132231405 0.6073200992555832 0.06776859504132231 0.05831265508684864
5 0.0652892561983471 0.6693548387096774 0.12727272727272726 0.08436724565756824
5 0.7710743801652893 0.6854838709677419 0.1371900826446281 0.09181141439205956
4 0.34793388429752065 0.7227047146401985 0.5173553719008265 0.29156327543424315
5 0.8834710743801653 0.9119106699751861 0.12892561983471074 0.11290322580645161
5 0.671900826446281 0.9466501240694789 0.15041322314049588 0.1054590570719603