4 0.4190082644628099 0.20413223140495868 0.03636363636363636 0.03471074380165289
4 0.3090909090909091 0.2049586776859504 0.03471074380165289 0.03305785123966942
4 0.35537190082644626 0.2413223140495868 0.049586776859504134 0.049586776859504134
4 0.4512396694214876 0.2818181818181818 0.0512396694214876 0.05785123966942149
4 0.25041322314049586 0.28429752066115704 0.06611570247933884 0.06776859504132231
5 0.1396694214876033 0.31157024793388427 0.021487603305785124 0.04297520661157025
5 0.2 0.3338842975206612 0.026446280991735537 0.03801652892561983
5 0.4388429752066116 0.36198347107438017 0.03305785123966942 0.06776859504132231
5 0.06363636363636363 0.384297520661157 0.04297520661157025 0.05289256198347107
5 0.15454545454545454 0.3925619834710744 0.03471074380165289 0.05289256198347107
4 0.2611570247933884 0.41487603305785126 0.12396694214876033 0.1322314049586777
5 0.10495867768595041 0.4388429752066116 0.03801652892561983 0.05289256198347107
6 0.543801652892562 0.456198347107438 0.14545454545454545 0.22975206611570248
5 0.3776859504132231 0.5595041322314049 0.04132231404958678 0.07768595041322314
5 0.3049586776859504 0.7363636363636363 0.05619834710743802 0.11239669421487604