4 0.7411458333333333 0.16898148148148148 0.020833333333333332 0.028703703703703703
4 0.8231770833333333 0.20879629629629629 0.028645833333333332 0.026851851851851852
4 0.8244791666666667 0.2175925925925926 0.030208333333333334 0.027777777777777776
4 0.8239583333333333 0.24444444444444444 0.030208333333333334 0.032407407407407406
4 0.7244791666666667 0.25046296296296294 0.05260416666666667 0.07314814814814814
5 0.64921875 0.31805555555555554 0.021354166666666667 0.05648148148148148
4 0.8153645833333333 0.32175925925925924 0.06354166666666666 0.06759259259259259
5 0.6434895833333333 0.412962962962963 0.03333333333333333 0.08888888888888889
5 0.7088541666666667 0.4425925925925926 0.0375 0.08611111111111111
4 0.80078125 0.44814814814814813 0.09010416666666667 0.14351851851851852
5 0.58203125 0.4689814814814815 0.043229166666666666 0.1037037037037037
5 0.65546875 0.6365740740740741 0.04010416666666667 0.08703703703703704
4 0.7682291666666666 0.6481481481481481 0.13333333333333333 0.30462962962962964