5 0.4115702479338843 0.17107438016528925 0.04462809917355372 0.06446280991735537
5 0.25206611570247933 0.18016528925619835 0.04297520661157025 0.06611570247933884
4 0.2768595041322314 0.021487603305785124 0.06446280991735537 0.04297520661157025
5 0.41983471074380163 0.28512396694214875 0.03966942148760331 0.08099173553719008
4 0.2487603305785124 0.28512396694214875 0.14380165289256197 0.16033057851239668
4 0.6190082644628099 0.5049586776859504 0.2396694214876033 0.3421487603305785
5 0.4049586776859504 0.05537190082644628 0.026446280991735537 0.0512396694214876
5 0.41652892561983473 0.6289256198347107 0.09586776859504133 0.14545454545454545
5 0.46942148760330576 0.07024793388429752 0.024793388429752067 0.04462809917355372
4 0.1446280991735537 0.09338842975206611 0.1024793388429752 0.08925619834710743
5 0.328099173553719 0.10082644628099173 0.024793388429752067 0.047933884297520664
5 0.509090909090909 0.11652892561983472 0.026446280991735537 0.04462809917355372