4 0.2791666666666667 0.30972222222222223 0.11927083333333334 0.13055555555555556
5 0.5044270833333333 0.3125 0.026041666666666668 0.06851851851851852
5 0.60859375 0.3138888888888889 0.022395833333333334 0.05
4 0.17864583333333334 0.32083333333333336 0.128125 0.14907407407407408
4 0.06536458333333334 0.32222222222222224 0.12760416666666666 0.21944444444444444
5 0.56328125 0.3282407407407407 0.027083333333333334 0.08148148148148149
5 0.3890625 0.36203703703703705 0.04010416666666667 0.10277777777777777
5 0.6924479166666667 0.4115740740740741 0.023958333333333335 0.06666666666666667
4 0.80859375 0.43287037037037035 0.07604166666666666 0.12037037037037036
5 0.5833333333333334 0.4875 0.0421875 0.09259259259259259
5 0.34453125 0.6819444444444445 0.08072916666666667 0.18055555555555555
5 0.05703125 0.7652777777777777 0.11197916666666667 0.24351851851851852