4 0.7355371900826446 0.27977667493796526 0.019834710743801654 0.016129032258064516
4 0.7537190082644628 0.31203473945409427 0.03471074380165289 0.02977667493796526
5 0.6214876033057851 0.3294044665012407 0.011570247933884297 0.016129032258064516
6 0.3413223140495868 0.3393300248138958 0.06776859504132231 0.05831265508684864
4 0.4669421487603306 0.34739454094292804 0.04628099173553719 0.031017369727047148
5 0.6 0.34987593052109184 0.01487603305785124 0.02357320099255583
4 0.7528925619834711 0.3560794044665012 0.04462809917355372 0.028535980148883373
4 0.42644628099173554 0.3790322580645161 0.04462809917355372 0.033498759305210915
5 0.32892561983471075 0.45595533498759305 0.024793388429752067 0.03970223325062035
5 0.21487603305785125 0.47890818858560796 0.023140495867768594 0.052109181141439205
5 0.28512396694214875 0.4795285359801489 0.02809917355371901 0.04466501240694789
4 0.8818181818181818 0.5341191066997518 0.11735537190082644 0.08560794044665013
5 0.06363636363636363 0.6073200992555832 0.047933884297520664 0.06327543424317618