4 0.7421875 0.1675925925925926 0.019270833333333334 0.027777777777777776
4 0.8234375 0.23425925925925925 0.027604166666666666 0.030555555555555555
4 0.8153645833333333 0.28194444444444444 0.050520833333333334 0.06111111111111111
5 0.66796875 0.29768518518518516 0.0171875 0.05277777777777778
4 0.8138020833333334 0.3333333333333333 0.06666666666666667 0.075
5 0.74765625 0.33796296296296297 0.022916666666666665 0.06851851851851852
4 0.80390625 0.44027777777777777 0.08854166666666667 0.1574074074074074
5 0.7197916666666667 0.4699074074074074 0.03229166666666667 0.09166666666666666
5 0.6216145833333333 0.5328703703703703 0.041666666666666664 0.10648148148148148
4 0.7682291666666666 0.6513888888888889 0.1328125 0.2916666666666667
5 0.30520833333333336 0.7828703703703703 0.09114583333333333 0.17592592592592593