5 0.6861979166666666 0.29074074074074074 0.016145833333333335 0.03611111111111111
4 0.80859375 0.29583333333333334 0.059895833333333336 0.09537037037037037
4 0.278125 0.3101851851851852 0.11875 0.13055555555555556
4 0.1796875 0.3194444444444444 0.12239583333333333 0.1398148148148148
4 0.065625 0.3226851851851852 0.12760416666666666 0.21851851851851853
5 0.5520833333333334 0.3337962962962963 0.0328125 0.09259259259259259
5 0.4080729166666667 0.41203703703703703 0.03958333333333333 0.12407407407407407
4 0.8106770833333333 0.4217592592592593 0.08072916666666667 0.13703703703703704
5 0.17552083333333332 0.42824074074074076 0.07135416666666666 0.15648148148148147
5 0.42994791666666665 0.5976851851851852 0.0625 0.1574074074074074
5 0.4973958333333333 0.6921296296296297 0.06927083333333334 0.18425925925925926