4 0.7419270833333333 0.1685185185185185 0.020833333333333332 0.028703703703703703
4 0.8223958333333333 0.20879629629629629 0.029166666666666667 0.024074074074074074
4 0.82265625 0.21898148148148147 0.03125 0.02962962962962963
4 0.8145833333333333 0.2791666666666667 0.051041666666666666 0.040740740740740744
4 0.74453125 0.2800925925925926 0.0578125 0.08611111111111111
4 0.8145833333333333 0.33287037037037037 0.06979166666666667 0.07222222222222222
4 0.69375 0.3962962962962963 0.08645833333333333 0.12407407407407407
4 0.803125 0.4425925925925926 0.09010416666666667 0.15185185185185185
5 0.5450520833333333 0.45231481481481484 0.042708333333333334 0.10740740740740741
5 0.6880208333333333 0.5555555555555556 0.044270833333333336 0.11481481481481481
4 0.7682291666666666 0.6527777777777778 0.13333333333333333 0.2972222222222222