4 0.5818181818181818 0.1327543424317618 0.02809917355371901 0.02109181141439206
4 0.48760330578512395 0.13337468982630274 0.02809917355371901 0.018610421836228287
4 0.6710743801652893 0.1513647642679901 0.03305785123966942 0.02729528535980149
4 0.5198347107438016 0.16997518610421836 0.03966942148760331 0.02357320099255583
5 0.37272727272727274 0.18548387096774194 0.01652892561983471 0.028535980148883373
4 0.3148760330578512 0.18672456575682383 0.047933884297520664 0.02729528535980149
5 0.4735537190082645 0.19292803970223324 0.01487603305785124 0.022332506203473945
5 0.3082644628099174 0.24751861042183623 0.021487603305785124 0.03598014888337469
5 0.2619834710743802 0.25744416873449133 0.024793388429752067 0.04218362282878412
6 0.7793388429752066 0.27915632754342434 0.13884297520661157 0.12655086848635236
5 0.11652892561983472 0.3076923076923077 0.026446280991735537 0.04838709677419355
5 0.21818181818181817 0.3294044665012407 0.03636363636363636 0.05459057071960298
5 0.047933884297520664 0.42555831265508687 0.06611570247933884 0.07320099255583126
5 0.02975206611570248 0.6116625310173698 0.05950413223140496 0.11538461538461539
4 0.6272727272727273 0.11042183622828784 0.019834710743801654 0.019851116625310174
6 0.6892561983471074 0.11228287841191067 0.024793388429752067 0.02357320099255583