4 0.552892561983471 0.1401985111662531 0.03305785123966942 0.022332506203473945
4 0.6272727272727273 0.18734491315136476 0.04628099173553719 0.03225806451612903
6 0.2892561983471074 0.20409429280397023 0.0628099173553719 0.04962779156327544
6 0.48760330578512395 0.24627791563275434 0.08760330578512397 0.09057071960297766
5 0.1578512396694215 0.2803970223325062 0.024793388429752067 0.03225806451612903
4 0.5933884297520661 0.3442928039702233 0.10082644628099173 0.07816377171215881
4 0.18925619834710744 0.5173697270471465 0.20991735537190082 0.12655086848635236
4 0.7603305785123967 0.5397022332506204 0.17355371900826447 0.141439205955335
4 0.4669421487603306 0.5769230769230769 0.19504132231404958 0.15260545905707196
4 0.5396694214876033 0.11352357320099256 0.023140495867768594 0.01488833746898263
4 0.4975206611570248 0.11972704714640199 0.024793388429752067 0.019851116625310174