4 0.7424479166666667 0.16898148148148148 0.021875 0.028703703703703703
4 0.7984375 0.21064814814814814 0.030729166666666665 0.05462962962962963
4 0.8252604166666667 0.25324074074074077 0.036458333333333336 0.06111111111111111
4 0.8145833333333333 0.325 0.06770833333333333 0.07314814814814814
5 0.7268229166666667 0.32592592592592595 0.022916666666666665 0.06296296296296296
4 0.8033854166666666 0.4412037037037037 0.090625 0.15092592592592594
5 0.71171875 0.49444444444444446 0.03177083333333333 0.08981481481481482
5 0.6104166666666667 0.5986111111111111 0.0453125 0.10462962962962963
5 0.3541666666666667 0.6611111111111111 0.07447916666666667 0.15
4 0.76953125 0.6671296296296296 0.13489583333333333 0.26296296296296295
5 0.41953125 0.6759259259259259 0.07291666666666667 0.16111111111111112