5 0.023140495867768594 0.15632754342431762 0.04462809917355372 0.06451612903225806
6 0.2 0.22890818858560794 0.17520661157024794 0.2109181141439206
5 0.2991735537190083 0.2313895781637717 0.04297520661157025 0.07196029776674938
5 0.3578512396694215 0.26054590570719605 0.05454545454545454 0.05955334987593052
5 0.4793388429752066 0.26116625310173697 0.0628099173553719 0.062034739454094295
5 0.024793388429752067 0.34181141439205953 0.049586776859504134 0.08312655086848635
4 0.5190082644628099 0.36228287841191065 0.19834710743801653 0.14764267990074442
4 0.20743801652892563 0.04094292803970223 0.06942148760330578 0.04590570719602978
4 0.18677685950413223 0.43796526054590573 0.21818181818181817 0.21339950372208435
5 0.4371900826446281 0.510545905707196 0.07768595041322314 0.11290322580645161
5 0.03140495867768595 0.6594292803970223 0.06115702479338843 0.12655086848635236
4 0.7107438016528925 0.6997518610421837 0.42479338842975206 0.34987593052109184
4 0.17355371900826447 0.0750620347394541 0.0743801652892562 0.05459057071960298
5 0.2809917355371901 0.0924317617866005 0.02809917355371901 0.04094292803970223