4 0.38264462809917354 0.20991735537190082 0.06942148760330578 0.07603305785123966
4 0.1305785123966942 0.2396694214876033 0.1322314049586777 0.1537190082644628
4 0.4644628099173554 0.30247933884297523 0.0859504132231405 0.09090909090909091
5 0.26611570247933886 0.30330578512396694 0.03305785123966942 0.0628099173553719
5 0.31900826446280994 0.3685950413223141 0.03140495867768595 0.05289256198347107
5 0.1975206611570248 0.38181818181818183 0.04297520661157025 0.05785123966942149
5 0.18016528925619835 0.48760330578512395 0.0512396694214876 0.09752066115702479
4 0.5355371900826447 0.4909090909090909 0.17355371900826447 0.2231404958677686
5 0.05289256198347107 0.5611570247933885 0.05950413223140496 0.10082644628099173
5 0.41487603305785126 0.6239669421487604 0.04628099173553719 0.1206611570247934
5 0.31157024793388427 0.6834710743801653 0.05289256198347107 0.11239669421487604
5 0.13553719008264462 0.9 0.08925619834710743 0.17024793388429751
4 0.35206611570247937 0.1206611570247934 0.03140495867768595 0.02975206611570248