5 0.6239669421487604 0.024193548387096774 0.03966942148760331 0.043424317617866005
4 0.8041322314049587 0.2555831265508685 0.19834710743801653 0.1662531017369727
0 0.4132231404958678 0.3176178660049628 0.3090909090909091 0.3870967741935484
5 0.08760330578512397 0.03970223325062035 0.03636363636363636 0.06575682382133995
5 0.9578512396694215 0.4075682382133995 0.08099173553719008 0.09305210918114144
5 0.9611570247933884 0.5341191066997518 0.0743801652892562 0.12779156327543426
5 0.8231404958677686 0.5775434243176178 0.09586776859504133 0.14764267990074442
5 0.29338842975206614 0.71712158808933 0.1140495867768595 0.1600496277915633
4 0.2528925619834711 0.07568238213399504 0.12727272727272726 0.09429280397022333
5 0.484297520661157 0.7791563275434243 0.09752066115702479 0.1588089330024814
5 0.8876033057851239 0.8901985111662531 0.11239669421487604 0.20099255583126552
5 0.6619834710743802 0.9181141439205955 0.14049586776859505 0.16129032258064516
5 0.21570247933884298 0.93424317617866 0.1371900826446281 0.12903225806451613
0 0.4768595041322314 0.10421836228287841 0.2 0.20843672456575682
4 0.7388429752066116 0.10732009925558313 0.12231404958677686 0.08560794044665013