4 0.7416666666666667 0.1685185185185185 0.019791666666666666 0.028703703703703703
4 0.8247395833333333 0.21805555555555556 0.03177083333333333 0.02962962962962963
4 0.6809895833333334 0.21944444444444444 0.03854166666666667 0.04722222222222222
5 0.65703125 0.30092592592592593 0.021875 0.06481481481481481
4 0.8145833333333333 0.33055555555555555 0.0671875 0.0824074074074074
5 0.62578125 0.34675925925925927 0.0265625 0.06296296296296296
4 0.7046875 0.4300925925925926 0.0890625 0.1527777777777778
4 0.8026041666666667 0.46296296296296297 0.08958333333333333 0.16111111111111112
4 0.5627604166666667 0.46944444444444444 0.13177083333333334 0.17592592592592593
5 0.425 0.5324074074074074 0.049479166666666664 0.11018518518518519
4 0.3578125 0.7944444444444444 0.24322916666666666 0.375
5 0.10260416666666666 0.9023148148148148 0.10520833333333333 0.15555555555555556