5 0.6264462809917355 0.24380165289256198 0.03636363636363636 0.0743801652892562
4 0.731404958677686 0.25867768595041324 0.10413223140495868 0.1140495867768595
5 0.25867768595041324 0.2603305785123967 0.03801652892561983 0.05454545454545454
4 0.6619834710743802 0.03305785123966942 0.03801652892561983 0.04132231404958678
5 0.7586776859504132 0.41570247933884297 0.05950413223140496 0.07603305785123966
5 0.6727272727272727 0.5115702479338843 0.05619834710743802 0.1024793388429752
4 0.5991735537190083 0.05371900826446281 0.03636363636363636 0.03636363636363636
0 0.3181818181818182 0.6033057851239669 0.48760330578512395 0.7900826446280992
5 0.8743801652892562 0.6578512396694215 0.07272727272727272 0.13388429752066117
4 0.6818181818181818 0.10826446280991736 0.06776859504132231 0.07272727272727272
5 0.3652892561983471 0.16446280991735537 0.02809917355371901 0.04297520661157025