4 0.40578512396694216 0.34987593052109184 0.023140495867768594 0.019851116625310174
6 0.4471074380165289 0.3573200992555831 0.03801652892561983 0.03598014888337469
4 0.4206611570247934 0.38399503722084366 0.03636363636363636 0.02481389578163772
4 0.5256198347107438 0.40384615384615385 0.03966942148760331 0.028535980148883373
4 0.40826446280991735 0.4336228287841191 0.05289256198347107 0.034739454094292806
4 0.3942148760330578 0.4739454094292804 0.07933884297520662 0.05459057071960298
5 0.8132231404958677 0.4770471464019851 0.02809917355371901 0.03598014888337469
5 0.5421487603305785 0.4795285359801489 0.024793388429752067 0.043424317617866005
4 0.7173553719008264 0.49007444168734493 0.10413223140495868 0.05583126550868486
4 0.2024793388429752 0.5012406947890818 0.08760330578512397 0.052109181141439205
5 0.9727272727272728 0.6439205955334988 0.0512396694214876 0.060794044665012405