5 0.19669421487603306 0.141439205955335 0.02809917355371901 0.04218362282878412
5 0.43636363636363634 0.15508684863523572 0.02975206611570248 0.04714640198511166
4 0.0834710743801653 0.18114143920595532 0.1206611570247934 0.09801488833746898
5 0.18512396694214875 0.2326302729528536 0.05950413223140496 0.06823821339950373
5 0.5958677685950413 0.31203473945409427 0.04462809917355372 0.07568238213399504
6 0.34297520661157027 0.33126550868486354 0.2 0.26054590570719605
5 0.4636363636363636 0.3337468982630273 0.05619834710743802 0.08436724565756824
5 0.5380165289256198 0.3870967741935484 0.0628099173553719 0.07444168734491315
5 0.6950413223140496 0.3870967741935484 0.07107438016528926 0.05707196029776675
4 0.7528925619834711 0.511166253101737 0.27107438016528923 0.20347394540942929
5 0.05371900826446281 0.5514888337468983 0.08925619834710743 0.10918114143920596
4 0.14214876033057852 0.05831265508684864 0.05950413223140496 0.04466501240694789
4 0.3421487603305785 0.6439205955334988 0.30082644628099175 0.31389578163771714
4 0.34545454545454546 0.07444168734491315 0.07933884297520662 0.05707196029776675
5 0.21322314049586777 0.08250620347394541 0.021487603305785124 0.03722084367245657
5 0.10826446280991736 0.10235732009925558 0.02809917355371901 0.043424317617866005
5 0.03966942148760331 0.10421836228287841 0.03140495867768595 0.03970223325062035
4 0.3090909090909091 0.1228287841191067 0.07933884297520662 0.05831265508684864