4 0.7411458333333333 0.1685185185185185 0.021354166666666667 0.028703703703703703
4 0.8234375 0.20787037037037037 0.028125 0.030555555555555555
4 0.8239583333333333 0.23796296296296296 0.033854166666666664 0.03333333333333333
5 0.753125 0.2898148148148148 0.015625 0.046296296296296294
4 0.81328125 0.3314814814814815 0.06666666666666667 0.07962962962962963
5 0.73984375 0.3675925925925926 0.025520833333333333 0.07222222222222222
4 0.8033854166666666 0.44583333333333336 0.09010416666666667 0.14814814814814814
5 0.7145833333333333 0.4625 0.034895833333333334 0.09537037037037037
5 0.6611979166666667 0.49675925925925923 0.0375 0.1037037037037037
5 0.5268229166666667 0.5143518518518518 0.05 0.125
4 0.7692708333333333 0.649537037037037 0.13489583333333333 0.2916666666666667
5 0.41171875 0.6509259259259259 0.06979166666666667 0.14814814814814814
5 0.53671875 0.8226851851851852 0.0765625 0.16574074074074074