4 0.28125 0.3101851851851852 0.11354166666666667 0.13055555555555556
4 0.17994791666666668 0.32083333333333336 0.125 0.14814814814814814
4 0.06692708333333333 0.32175925925925924 0.13177083333333334 0.22314814814814815
5 0.6627604166666666 0.33611111111111114 0.027604166666666666 0.08796296296296297
5 0.40859375 0.3435185185185185 0.040625 0.11666666666666667
5 0.7067708333333333 0.37175925925925923 0.0296875 0.08981481481481482
5 0.4783854166666667 0.37546296296296294 0.03177083333333333 0.06851851851851852
5 0.62421875 0.3861111111111111 0.026041666666666668 0.05740740740740741
4 0.8088541666666667 0.425462962962963 0.0828125 0.1361111111111111
5 0.5244791666666667 0.43287037037037035 0.03802083333333333 0.1287037037037037
5 0.6666666666666666 0.5921296296296297 0.05520833333333333 0.0962962962962963
5 0.48098958333333336 0.6013888888888889 0.0625 0.20185185185185187