5 0.23140495867768596 0.18760330578512396 0.03636363636363636 0.07603305785123966
5 0.3834710743801653 0.21239669421487603 0.03471074380165289 0.0628099173553719
5 0.3181818181818182 0.24710743801652893 0.03636363636363636 0.0628099173553719
4 0.5446280991735537 0.31322314049586775 0.14049586776859505 0.16859504132231404
4 0.10495867768595041 0.32727272727272727 0.18016528925619835 0.1834710743801653
5 0.4 0.40165289256198344 0.047933884297520664 0.07933884297520662
5 0.7545454545454545 0.5925619834710744 0.06611570247933884 0.1140495867768595
5 0.3669421487603306 0.7396694214876033 0.08099173553719008 0.14214876033057852
4 0.6371900826446281 0.7504132231404959 0.31074380165289256 0.4925619834710744
4 0.5082644628099173 0.13140495867768595 0.09421487603305785 0.10413223140495868
5 0.09834710743801653 0.1322314049586777 0.03636363636363636 0.05619834710743802