4 0.6198347107438017 0.13895781637717122 0.0628099173553719 0.07692307692307693
0 0.412396694214876 0.1433002481389578 0.2049586776859504 0.13895781637717122
4 0.30330578512396694 0.14392059553349876 0.06776859504132231 0.06823821339950373
0 0.1115702479338843 0.18176178660049627 0.2231404958677686 0.20471464019851116
0 0.3958677685950413 0.20099255583126552 0.2049586776859504 0.18610421836228289
5 0.6677685950413224 0.20285359801488834 0.047933884297520664 0.05459057071960298
5 0.7520661157024794 0.2698511166253102 0.06115702479338843 0.07320099255583126
4 0.09834710743801653 0.2847394540942928 0.16859504132231404 0.11910669975186104
4 0.25950413223140495 0.03535980148883375 0.07272727272727272 0.05707196029776675
4 0.5107438016528926 0.5632754342431762 0.2892561983471074 0.25806451612903225
4 0.08181818181818182 0.05955334987593052 0.1140495867768595 0.04962779156327544
4 0.03884297520661157 0.6315136476426799 0.07768595041322314 0.3076923076923077
5 0.22148760330578512 0.7406947890818859 0.11074380165289256 0.13895781637717122
5 0.6256198347107438 0.9224565756823822 0.15702479338842976 0.15260545905707196