4 0.73515625 0.2449074074074074 0.034375 0.027777777777777776
4 0.703125 0.2587962962962963 0.034375 0.03981481481481482
4 0.8104166666666667 0.29444444444444445 0.06041666666666667 0.1
4 0.6096354166666667 0.29953703703703705 0.0640625 0.08981481481481482
4 0.3265625 0.3143518518518518 0.0890625 0.12685185185185185
4 0.06614583333333333 0.3194444444444444 0.12916666666666668 0.23148148148148148
4 0.18098958333333334 0.32407407407407407 0.12864583333333332 0.1527777777777778
5 0.6786458333333333 0.3537037037037037 0.022916666666666665 0.06296296296296296
5 0.70390625 0.37962962962962965 0.0265625 0.06388888888888888
4 0.8151041666666666 0.4 0.06927083333333334 0.12407407407407407
5 0.6658854166666667 0.475462962962963 0.034375 0.07407407407407407
4 0.31666666666666665 0.5115740740740741 0.20572916666666666 0.24166666666666667
5 0.50625 0.6226851851851852 0.05364583333333333 0.09907407407407408