4 0.6471074380165289 0.12841191066997518 0.02975206611570248 0.018610421836228287
6 0.13884297520661157 0.1805210918114144 0.07933884297520662 0.06575682382133995
5 0.29256198347107437 0.18238213399503722 0.01487603305785124 0.02357320099255583
4 0.6595041322314049 0.1935483870967742 0.03801652892561983 0.02729528535980149
4 0.6206611570247934 0.21588089330024815 0.05454545454545454 0.043424317617866005
5 0.31735537190082647 0.2692307692307692 0.024793388429752067 0.04094292803970223
6 0.4628099173553719 0.2977667493796526 0.09090909090909091 0.11538461538461539
4 0.6851239669421487 0.33188585607940446 0.09256198347107437 0.06575682382133995
5 0.03471074380165289 0.36352357320099254 0.02809917355371901 0.03722084367245657
4 0.8214876033057851 0.5353598014888338 0.2066115702479339 0.1575682382133995
5 0.03553719008264463 0.9143920595533499 0.07107438016528926 0.1513647642679901