4 0.5413223140495868 0.1834710743801653 0.0512396694214876 0.0512396694214876
4 0.4446280991735537 0.1884297520661157 0.07272727272727272 0.07768595041322314
4 0.38925619834710745 0.19173553719008266 0.049586776859504134 0.047933884297520664
4 0.44380165289256196 0.2619834710743802 0.07603305785123966 0.0743801652892562
5 0.2619834710743802 0.29256198347107437 0.02975206611570248 0.047933884297520664
5 0.740495867768595 0.31074380165289256 0.02809917355371901 0.0512396694214876
4 0.4462809917355372 0.41983471074380163 0.1305785123966942 0.13884297520661157
5 0.2049586776859504 0.4305785123966942 0.03966942148760331 0.0512396694214876
5 0.04049586776859504 0.45206611570247934 0.05619834710743802 0.06942148760330578
4 0.17851239669421487 0.584297520661157 0.2413223140495868 0.2545454545454545
4 0.6165289256198347 0.12727272727272726 0.03801652892561983 0.03140495867768595
4 0.6619834710743802 0.16198347107438016 0.04462809917355372 0.04628099173553719