4 0.7416666666666667 0.1685185185185185 0.022916666666666665 0.02962962962962963
4 0.8234375 0.20879629629629629 0.0296875 0.028703703703703703
4 0.7479166666666667 0.21805555555555556 0.036458333333333336 0.05555555555555555
4 0.6393229166666666 0.2851851851851852 0.07760416666666667 0.06759259259259259
4 0.81328125 0.3055555555555556 0.05677083333333333 0.1
5 0.71171875 0.30833333333333335 0.021354166666666667 0.05092592592592592
5 0.6630208333333333 0.3458333333333333 0.025520833333333333 0.06111111111111111
5 0.5596354166666667 0.4375 0.042708333333333334 0.0962962962962963
4 0.8026041666666667 0.44074074074074077 0.0921875 0.14444444444444443
5 0.621875 0.4587962962962963 0.03333333333333333 0.08796296296296297
4 0.39895833333333336 0.638425925925926 0.22083333333333333 0.3074074074074074
4 0.7682291666666666 0.6532407407407408 0.134375 0.29259259259259257