6 0.17851239669421487 0.017990074441687345 0.03471074380165289 0.031017369727047148
6 0.7958677685950413 0.25992555831265507 0.1933884297520661 0.12903225806451613
4 0.29256198347107437 0.31265508684863524 0.15702479338842976 0.12779156327543426
5 0.03801652892561983 0.3349875930521092 0.06611570247933884 0.06575682382133995
4 0.6231404958677685 0.3399503722084367 0.16198347107438016 0.13523573200992556
4 0.44214876033057854 0.04404466501240695 0.03966942148760331 0.028535980148883373
6 0.6826446280991736 0.6160049627791563 0.21818181818181817 0.2853598014888337
5 0.04628099173553719 0.09615384615384616 0.01818181818181818 0.02729528535980149
5 0.3074380165289256 0.09987593052109181 0.019834710743801654 0.034739454094292806
5 0.2619834710743802 0.1011166253101737 0.026446280991735537 0.028535980148883373
5 0.08677685950413223 0.1011166253101737 0.023140495867768594 0.031017369727047148
4 0.503305785123967 0.10483870967741936 0.05950413223140496 0.04714640198511166