4 0.8244791666666667 0.21712962962962962 0.029166666666666667 0.025
4 0.8236979166666667 0.2449074074074074 0.03125 0.03425925925925926
4 0.8130208333333333 0.2777777777777778 0.04479166666666667 0.03796296296296296
4 0.8151041666666666 0.33194444444444443 0.0703125 0.07592592592592592
5 0.7377604166666667 0.37175925925925923 0.021354166666666667 0.05740740740740741
4 0.8044270833333333 0.44351851851851853 0.09270833333333334 0.15925925925925927
5 0.56875 0.4949074074074074 0.042708333333333334 0.12314814814814815
5 0.39166666666666666 0.5787037037037037 0.06614583333333333 0.1287037037037037
4 0.76796875 0.6523148148148148 0.1328125 0.28703703703703703
4 0.578125 0.6921296296296297 0.20572916666666666 0.2962962962962963
5 0.35859375 0.774537037037037 0.078125 0.17777777777777778