4 0.7173553719008264 0.3933884297520661 0.024793388429752067 0.02975206611570248
6 0.8330578512396695 0.3933884297520661 0.03966942148760331 0.05289256198347107
4 0.6933884297520662 0.43388429752066116 0.03966942148760331 0.03966942148760331
4 0.8504132231404958 0.44958677685950416 0.0512396694214876 0.05454545454545454
5 0.5743801652892562 0.4925619834710744 0.021487603305785124 0.03636363636363636
4 0.4380165289256198 0.5388429752066116 0.1537190082644628 0.15041322314049588
4 0.543801652892562 0.587603305785124 0.10909090909090909 0.10578512396694215
4 0.8074380165289257 0.6297520661157024 0.09586776859504133 0.10909090909090909
5 0.7264462809917356 0.6677685950413224 0.03966942148760331 0.06611570247933884
5 0.5867768595041323 0.6942148760330579 0.03966942148760331 0.06942148760330578
4 0.2975206611570248 0.7223140495867768 0.2545454545454545 0.22148760330578512
5 0.6909090909090909 0.7388429752066116 0.04132231404958678 0.07768595041322314
5 0.8082644628099174 0.7512396694214876 0.04462809917355372 0.07107438016528926
4 0.9520661157024793 0.759504132231405 0.09256198347107437 0.16198347107438016
5 0.8619834710743801 0.8388429752066116 0.05454545454545454 0.1024793388429752
5 0.4983471074380165 0.9099173553719008 0.0628099173553719 0.10743801652892562