4 0.24958677685950414 0.20165289256198346 0.11239669421487604 0.11239669421487604
6 0.4297520661157025 0.032231404958677684 0.06942148760330578 0.06446280991735537
5 0.19173553719008266 0.03471074380165289 0.01818181818181818 0.04132231404958678
5 0.6338842975206611 0.3338842975206612 0.04132231404958678 0.07603305785123966
4 0.5239669421487604 0.03553719008264463 0.05454545454545454 0.06942148760330578
6 0.3975206611570248 0.42479338842975206 0.13884297520661157 0.256198347107438
4 0.6528925619834711 0.540495867768595 0.21487603305785125 0.3074380165289256
4 0.2801652892561983 0.09008264462809917 0.08429752066115702 0.08760330578512397
4 0.5570247933884298 0.11322314049586776 0.08925619834710743 0.09917355371900827
4 0.41074380165289254 0.12975206611570247 0.08760330578512397 0.09421487603305785
5 0.15289256198347106 0.1305785123966942 0.03140495867768595 0.049586776859504134