5 0.7462809917355372 0.3669421487603306 0.01818181818181818 0.03305785123966942
0 0.8314049586776859 0.3669421487603306 0.10413223140495868 0.10909090909090909
4 0.9413223140495868 0.3958677685950413 0.06115702479338843 0.06115702479338843
5 0.5628099173553719 0.4809917355371901 0.04132231404958678 0.05454545454545454
4 0.6801652892561983 0.4983471074380165 0.12892561983471074 0.1140495867768595
5 0.8471074380165289 0.5272727272727272 0.03305785123966942 0.04132231404958678
5 0.5305785123966942 0.5818181818181818 0.04297520661157025 0.06115702479338843
5 0.952892561983471 0.5925619834710744 0.04297520661157025 0.0628099173553719
5 0.40826446280991735 0.6066115702479339 0.06446280991735537 0.06776859504132231
4 0.8115702479338843 0.6297520661157024 0.15702479338842976 0.1884297520661157
5 0.6148760330578512 0.6305785123966943 0.05950413223140496 0.07768595041322314
4 0.5851239669421487 0.7975206611570248 0.20826446280991737 0.2628099173553719
5 0.20330578512396694 0.9272727272727272 0.10578512396694215 0.14214876033057852