4 0.6066115702479339 0.20781637717121587 0.05454545454545454 0.028535980148883373
4 0.5950413223140496 0.2487593052109181 0.06446280991735537 0.04094292803970223
5 0.7603305785123967 0.3052109181141439 0.026446280991735537 0.05086848635235732
4 0.43140495867768597 0.30831265508684863 0.08760330578512397 0.06451612903225806
4 0.6074380165289256 0.31327543424317617 0.1024793388429752 0.08312655086848635
5 0.21487603305785125 0.32878411910669975 0.02975206611570248 0.04466501240694789
5 0.2900826446280992 0.3641439205955335 0.03966942148760331 0.07196029776674938
5 0.3776859504132231 0.3771712158808933 0.03471074380165289 0.04714640198511166
5 0.10909090909090909 0.38089330024813894 0.03966942148760331 0.05955334987593052
5 0.7611570247933884 0.40074441687344914 0.04297520661157025 0.05459057071960298
4 0.5611570247933885 0.40136476426799006 0.1322314049586777 0.09057071960297766
5 0.1933884297520661 0.40508684863523575 0.03305785123966942 0.04466501240694789
5 0.23057851239669422 0.4205955334987593 0.03471074380165289 0.04714640198511166
5 0.1371900826446281 0.44106699751861045 0.05454545454545454 0.06823821339950373
5 0.4297520661157025 0.45409429280397023 0.049586776859504134 0.08312655086848635
5 0.34710743801652894 0.456575682382134 0.05619834710743802 0.0794044665012407
4 0.9206611570247933 0.48759305210918114 0.15537190082644628 0.16377171215880892
4 0.18264462809917356 0.5260545905707196 0.20330578512396694 0.1327543424317618
5 0.5793388429752067 0.5800248138957816 0.08760330578512397 0.08933002481389578
5 0.6611570247933884 0.6606699751861043 0.09256198347107437 0.09057071960297766
4 0.3239669421487603 0.760545905707196 0.30082644628099175 0.29528535980148884
5 0.6933884297520662 0.771712158808933 0.09256198347107437 0.16129032258064516
5 0.959504132231405 0.8418114143920595 0.08099173553719008 0.13895781637717122