4 0.528099173553719 0.3008684863523573 0.019834710743801654 0.013647642679900745
4 0.32148760330578513 0.3399503722084367 0.03305785123966942 0.02481389578163772
6 0.1347107438016529 0.3535980148883375 0.06115702479338843 0.052109181141439205
0 0.39917355371900826 0.3629032258064516 0.06611570247933884 0.062034739454094295
5 0.2619834710743802 0.36724565756823824 0.023140495867768594 0.02977667493796526
5 0.1669421487603306 0.43300248138957814 0.024793388429752067 0.03598014888337469
5 0.008264462809917356 0.46774193548387094 0.01652892561983471 0.04466501240694789
4 0.5057851239669422 0.4820099255583127 0.09090909090909091 0.07320099255583126
4 0.07603305785123966 0.48759305210918114 0.08925619834710743 0.05707196029776675
4 0.7041322314049587 0.510545905707196 0.10743801652892562 0.0794044665012407
4 0.628099173553719 0.7326302729528535 0.1933884297520661 0.1401985111662531