4 0.4900826446280992 0.163151364764268 0.05454545454545454 0.038461538461538464
4 0.3421487603305785 0.1879652605459057 0.06446280991735537 0.04838709677419355
4 0.5132231404958678 0.19727047146401985 0.05289256198347107 0.04094292803970223
4 0.5198347107438016 0.24441687344913152 0.09752066115702479 0.060794044665012405
6 0.3851239669421488 0.25372208436724564 0.09917355371900827 0.12406947890818859
5 0.2652892561983471 0.3033498759305211 0.04462809917355372 0.05955334987593052
4 0.6421487603305785 0.3064516129032258 0.12727272727272726 0.09553349875930521
4 0.5363636363636364 0.40508684863523575 0.15041322314049588 0.13027295285359802
5 0.09752066115702479 0.4088089330024814 0.04628099173553719 0.05955334987593052
4 0.48925619834710743 0.04218362282878412 0.01818181818181818 0.016129032258064516
4 0.4578512396694215 0.04404466501240695 0.021487603305785124 0.02109181141439206
4 0.9090909090909091 0.5142679900744417 0.17851239669421487 0.1501240694789082
4 0.35206611570247937 0.11042183622828784 0.04132231404958678 0.028535980148883373