4 0.9049586776859504 0.13709677419354838 0.17520661157024794 0.1575682382133995
5 0.5297520661157025 0.14578163771712158 0.049586776859504134 0.05459057071960298
5 0.7545454545454545 0.18548387096774194 0.05785123966942149 0.0707196029776675
5 0.4553719008264463 0.19975186104218362 0.06611570247933884 0.07816377171215881
5 0.4578512396694215 0.21277915632754343 0.05619834710743802 0.04590570719602978
5 0.6107438016528925 0.02357320099255583 0.03471074380165289 0.04714640198511166
6 0.515702479338843 0.43796526054590573 0.37355371900826445 0.4205955334987593
4 0.9107438016528926 0.4392059553349876 0.17520661157024794 0.2803970223325062
5 0.20909090909090908 0.4652605459057072 0.09421487603305785 0.1228287841191067
5 0.768595041322314 0.0794044665012407 0.03966942148760331 0.0707196029776675
5 0.8338842975206612 0.08126550868486353 0.04132231404958678 0.07444168734491315
4 0.6396694214876033 0.08933002481389578 0.12396694214876033 0.09553349875930521
5 0.8512396694214877 0.9460297766749379 0.11570247933884298 0.10669975186104218
5 0.18264462809917356 0.10794044665012408 0.05454545454545454 0.05955334987593052
4 0.4727272727272727 0.01240694789081886 0.09421487603305785 0.02357320099255583
5 0.02727272727272727 0.1184863523573201 0.049586776859504134 0.05955334987593052