5 0.6466145833333333 0.29074074074074074 0.01875 0.04814814814814815
4 0.8111979166666666 0.3013888888888889 0.065625 0.10833333333333334
5 0.5408854166666667 0.3050925925925926 0.023958333333333335 0.06759259259259259
5 0.67265625 0.3074074074074074 0.016145833333333335 0.044444444444444446
4 0.27838541666666666 0.30925925925925923 0.11979166666666667 0.12962962962962962
4 0.17760416666666667 0.32175925925925924 0.12760416666666666 0.14722222222222223
4 0.065625 0.32175925925925924 0.128125 0.225
5 0.72734375 0.33935185185185185 0.021354166666666667 0.04814814814814815
5 0.6815104166666667 0.39444444444444443 0.0234375 0.053703703703703705
4 0.815625 0.39861111111111114 0.06770833333333333 0.1259259259259259
5 0.5927083333333333 0.41712962962962963 0.03854166666666667 0.0712962962962963
5 0.0765625 0.7601851851851852 0.125 0.22592592592592592