5 0.14049586776859505 0.01652892561983471 0.02975206611570248 0.03140495867768595
5 0.39173553719008264 0.017355371900826446 0.024793388429752067 0.03140495867768595
5 0.531404958677686 0.23388429752066114 0.03966942148760331 0.08099173553719008
5 0.6132231404958678 0.2545454545454545 0.05619834710743802 0.0743801652892562
5 0.23471074380165288 0.26694214876033057 0.04462809917355372 0.08099173553719008
5 0.4727272727272727 0.29421487603305785 0.047933884297520664 0.05950413223140496
5 0.2553719008264463 0.030578512396694214 0.03305785123966942 0.05454545454545454
4 0.6685950413223141 0.4793388429752066 0.20165289256198346 0.2975206611570248
4 0.0652892561983471 0.4975206611570248 0.12892561983471074 0.3834710743801653
5 0.4 0.5256198347107438 0.0743801652892562 0.13388429752066117
5 0.22396694214876034 0.6264462809917355 0.07933884297520662 0.17355371900826447
5 0.23884297520661157 0.12396694214876033 0.03471074380165289 0.05950413223140496
5 0.4041322314049587 0.1446280991735537 0.03140495867768595 0.0628099173553719