4 0.971900826446281 0.2673697270471464 0.05289256198347107 0.05583126550868486
5 0.7099173553719008 0.27977667493796526 0.03801652892561983 0.04714640198511166
4 0.571900826446281 0.3008684863523573 0.1322314049586777 0.1228287841191067
4 0.3421487603305785 0.32754342431761785 0.10413223140495868 0.07816377171215881
4 0.9768595041322314 0.33002481389578164 0.04297520661157025 0.08436724565756824
4 0.7652892561983471 0.33436724565756826 0.11900826446280992 0.08560794044665013
5 0.4090909090909091 0.3511166253101737 0.047933884297520664 0.06823821339950373
5 0.8752066115702479 0.3598014888337469 0.04132231404958678 0.05707196029776675
4 0.5818181818181818 0.380272952853598 0.16033057851239668 0.10918114143920596
4 0.2727272727272727 0.40508684863523575 0.21322314049586777 0.20347394540942929
5 0.1537190082644628 0.42245657568238215 0.04132231404958678 0.05459057071960298
4 0.5851239669421487 0.47332506203473945 0.19173553719008266 0.14516129032258066
5 0.9355371900826446 0.4801488833746898 0.05619834710743802 0.07320099255583126
5 0.07107438016528926 0.4832506203473945 0.05619834710743802 0.07320099255583126
5 0.34297520661157027 0.5049627791563276 0.06611570247933884 0.10049627791563276
5 0.24049586776859505 0.5738213399503722 0.06942148760330578 0.038461538461538464
5 0.39090909090909093 0.6153846153846154 0.07603305785123966 0.1054590570719603
5 0.08429752066115702 0.6339950372208437 0.06942148760330578 0.09429280397022333
4 0.22892561983471074 0.6805210918114144 0.26611570247933886 0.18734491315136476
5 0.484297520661157 0.7214640198511166 0.10082644628099173 0.12158808933002481
5 0.20991735537190082 0.8021091811414393 0.09917355371900827 0.13771712158808933
5 0.42727272727272725 0.8331265508684863 0.13388429752066117 0.12158808933002481
5 0.9371900826446281 0.8393300248138957 0.10578512396694215 0.1141439205955335
5 0.6074380165289256 0.890818858560794 0.13553719008264462 0.1401985111662531