4 0.31239669421487604 0.16776859504132233 0.03636363636363636 0.04628099173553719
4 0.2553719008264463 0.1884297520661157 0.02809917355371901 0.026446280991735537
4 0.43388429752066116 0.20413223140495868 0.03471074380165289 0.03140495867768595
4 0.44958677685950416 0.24545454545454545 0.05950413223140496 0.05950413223140496
5 0.3504132231404959 0.2512396694214876 0.021487603305785124 0.03140495867768595
5 0.2512396694214876 0.30082644628099175 0.026446280991735537 0.03801652892561983
5 0.15041322314049588 0.30330578512396694 0.03140495867768595 0.03966942148760331
4 0.4909090909090909 0.343801652892562 0.09586776859504133 0.10082644628099173
4 0.20578512396694215 0.38264462809917354 0.09917355371900827 0.09917355371900827
5 0.30991735537190085 0.40826446280991735 0.02809917355371901 0.05289256198347107
5 0.4413223140495868 0.4991735537190083 0.04132231404958678 0.06611570247933884
5 0.6256198347107438 0.571900826446281 0.047933884297520664 0.08264462809917356
5 0.0859504132231405 0.6165289256198347 0.047933884297520664 0.09586776859504133
4 0.371900826446281 0.7033057851239669 0.2 0.32066115702479336
5 0.19504132231404958 0.7049586776859504 0.05950413223140496 0.10413223140495868
5 0.1256198347107438 0.8537190082644628 0.0628099173553719 0.14049586776859505