4 0.32864583333333336 0.013888888888888888 0.0296875 0.023148148148148147
5 0.24322916666666666 0.1925925925925926 0.041666666666666664 0.1
5 0.3109375 0.2101851851851852 0.0296875 0.09537037037037037
4 0.2752604166666667 0.02361111111111111 0.028125 0.040740740740740744
5 0.37447916666666664 0.28055555555555556 0.04010416666666667 0.12037037037037036
5 0.20104166666666667 0.29444444444444445 0.052083333333333336 0.14814814814814814
4 0.4981770833333333 0.3699074074074074 0.1546875 0.1824074074074074
5 0.46432291666666664 0.55 0.06875 0.1824074074074074
5 0.7575520833333333 0.6541666666666667 0.08177083333333333 0.1824074074074074
5 0.3333333333333333 0.6995370370370371 0.0828125 0.25462962962962965
5 0.8924479166666667 0.874537037037037 0.09375 0.21574074074074073