4 0.6495867768595042 0.13399503722084366 0.03966942148760331 0.03225806451612903
5 0.512396694214876 0.15570719602977667 0.01818181818181818 0.028535980148883373
4 0.7743801652892562 0.2109181141439206 0.0512396694214876 0.03970223325062035
4 0.6537190082644628 0.23325062034739455 0.07768595041322314 0.05334987593052109
6 0.8528925619834711 0.25 0.12231404958677686 0.12034739454094293
5 0.5380165289256198 0.2543424317617866 0.02809917355371901 0.04218362282878412
5 0.15206611570247933 0.293424317617866 0.03305785123966942 0.04466501240694789
5 0.22644628099173553 0.29466501240694787 0.03471074380165289 0.038461538461538464
5 0.1578512396694215 0.40136476426799006 0.05454545454545454 0.08188585607940446
5 0.08264462809917356 0.40818858560794047 0.05619834710743802 0.08312655086848635
5 0.15867768595041323 0.41997518610421836 0.04297520661157025 0.05831265508684864
5 0.19586776859504132 0.5018610421836228 0.07107438016528926 0.06823821339950373
5 0.3330578512396694 0.5279156327543424 0.0628099173553719 0.0967741935483871
5 0.2611570247933884 0.5787841191066998 0.05950413223140496 0.07444168734491315
4 0.6578512396694215 0.06823821339950373 0.019834710743801654 0.018610421836228287
4 0.6347107438016529 0.07196029776674938 0.01818181818181818 0.017369727047146403
6 0.2735537190082645 0.1228287841191067 0.06115702479338843 0.05707196029776675