4 0.868595041322314 0.18982630272952852 0.021487603305785124 0.019851116625310174
4 0.8495867768595041 0.21277915632754343 0.02809917355371901 0.017369727047146403
4 0.6429752066115703 0.2196029776674938 0.03305785123966942 0.019851116625310174
4 0.6016528925619835 0.2425558312655087 0.03966942148760331 0.02357320099255583
4 0.45041322314049587 0.2661290322580645 0.06115702479338843 0.028535980148883373
4 0.8578512396694215 0.2704714640198511 0.047933884297520664 0.031017369727047148
5 0.4512396694214876 0.3027295285359802 0.021487603305785124 0.02977667493796526
5 0.32975206611570246 0.3294044665012407 0.023140495867768594 0.04094292803970223
5 0.3066115702479339 0.3951612903225806 0.03636363636363636 0.04466501240694789
5 0.04214876033057851 0.4485111662531017 0.047933884297520664 0.052109181141439205
5 0.11074380165289256 0.45533498759305213 0.04132231404958678 0.05459057071960298
4 0.21322314049586777 0.45843672456575685 0.15206611570247933 0.09057071960297766
6 0.784297520661157 0.5055831265508685 0.16198347107438016 0.21836228287841192
5 0.012396694214876033 0.5645161290322581 0.024793388429752067 0.09057071960297766