5 0.8603305785123967 0.4975186104218362 0.049586776859504134 0.03722084367245657
5 0.7793388429752066 0.5272952853598015 0.06446280991735537 0.043424317617866005
5 0.2958677685950413 0.565136476426799 0.09917355371900827 0.06575682382133995
5 0.8033057851239669 0.5794044665012407 0.06446280991735537 0.04094292803970223
4 0.4024793388429752 0.6153846153846154 0.31900826446280994 0.11662531017369727
5 0.815702479338843 0.6674937965260546 0.10082644628099173 0.08064516129032258
5 0.315702479338843 0.71712158808933 0.15702479338842976 0.10918114143920596
5 0.8148760330578513 0.728287841191067 0.10578512396694215 0.08188585607940446
4 0.8066115702479338 0.8523573200992556 0.3867768595041322 0.29404466501240695
5 0.09090909090909091 0.8653846153846154 0.17024793388429751 0.12779156327543426
5 0.22231404958677686 0.9181141439205955 0.21322314049586777 0.14640198511166252