0 0.08264462809917356 0.16377171215880892 0.1652892561983471 0.2109181141439206
5 0.18264462809917356 0.1674937965260546 0.03801652892561983 0.05334987593052109
0 0.3768595041322314 0.2109181141439206 0.19173553719008266 0.16253101736972705
5 0.6942148760330579 0.2227047146401985 0.0628099173553719 0.08436724565756824
4 0.019008264462809916 0.028535980148883373 0.03471074380165289 0.03722084367245657
4 0.06776859504132231 0.3064516129032258 0.1305785123966942 0.1327543424317618
5 0.8090909090909091 0.31699751861042186 0.0743801652892562 0.08933002481389578
4 0.5041322314049587 0.7189826302729528 0.38016528925619836 0.3560794044665012
5 0.5016528925619834 0.11352357320099256 0.03305785123966942 0.03970223325062035
0 0.3793388429752066 0.11724565756823821 0.19008264462809918 0.1501240694789082
4 0.2636363636363636 0.12034739454094293 0.06115702479338843 0.07196029776674938