4 0.74609375 0.2101851851851852 0.027604166666666666 0.025925925925925925
4 0.82421875 0.21712962962962962 0.0296875 0.02962962962962963
4 0.6796875 0.22037037037037038 0.034375 0.044444444444444446
4 0.8239583333333333 0.2449074074074074 0.03333333333333333 0.03611111111111111
4 0.6447916666666667 0.27824074074074073 0.05520833333333333 0.07222222222222222
4 0.7328125 0.31203703703703706 0.07083333333333333 0.1
4 0.8151041666666666 0.3314814814814815 0.06979166666666667 0.08148148148148149
5 0.7265625 0.41759259259259257 0.025 0.07962962962962963
4 0.8033854166666666 0.46064814814814814 0.0890625 0.16944444444444445
5 0.5528645833333333 0.5148148148148148 0.03958333333333333 0.11203703703703703
5 0.6890625 0.5375 0.04375 0.13425925925925927
5 0.42682291666666666 0.5958333333333333 0.05625 0.12129629629629629
5 0.20625 0.7837962962962963 0.08333333333333333 0.15925925925925927