4 0.8115702479338843 0.1705955334987593 0.021487603305785124 0.017369727047146403
6 0.3049586776859504 0.2196029776674938 0.06942148760330578 0.05334987593052109
6 0.7148760330578512 0.23945409429280398 0.0512396694214876 0.05955334987593052
5 0.4297520661157025 0.304590570719603 0.023140495867768594 0.033498759305210915
5 0.4652892561983471 0.3076923076923077 0.023140495867768594 0.03970223325062035
5 0.18677685950413223 0.31451612903225806 0.021487603305785124 0.028535980148883373
5 0.08099173553719008 0.3380893300248139 0.03305785123966942 0.052109181141439205
5 0.3793388429752066 0.3560794044665012 0.02975206611570248 0.038461538461538464
5 0.024793388429752067 0.4100496277915633 0.04628099173553719 0.05583126550868486
4 0.4322314049586777 0.5297766749379652 0.17355371900826447 0.1501240694789082
6 0.6942148760330579 0.7382133995037221 0.26776859504132233 0.4094292803970223