4 0.18264462809917356 0.15074441687344914 0.05289256198347107 0.034739454094292806
4 0.04132231404958678 0.20161290322580644 0.07107438016528926 0.05831265508684864
5 0.3603305785123967 0.2053349875930521 0.023140495867768594 0.04466501240694789
4 0.19669421487603306 0.20719602977667495 0.0859504132231405 0.0707196029776675
5 0.3165289256198347 0.2531017369727047 0.03305785123966942 0.04094292803970223
4 0.1537190082644628 0.27357320099255583 0.1024793388429752 0.07320099255583126
4 0.4297520661157025 0.29590570719602977 0.12892561983471074 0.10049627791563276
5 0.13388429752066117 0.3405707196029777 0.03966942148760331 0.06451612903225806
4 0.03884297520661157 0.4336228287841191 0.07768595041322314 0.16129032258064516
5 0.47851239669421486 0.43858560794044665 0.05785123966942149 0.07568238213399504
5 0.39917355371900826 0.46898263027295284 0.06115702479338843 0.09057071960297766
5 0.6123966942148761 0.5570719602977667 0.049586776859504134 0.08560794044665013
5 0.3677685950413223 0.5669975186104218 0.0628099173553719 0.09429280397022333
5 0.46859504132231405 0.609181141439206 0.06446280991735537 0.09925558312655088
5 0.4413223140495868 0.7320099255583127 0.09917355371900827 0.13027295285359802
4 0.784297520661157 0.7977667493796526 0.4033057851239669 0.2890818858560794
5 0.3884297520661157 0.8821339950372209 0.1024793388429752 0.12406947890818859