5 0.35989583333333336 0.1087962962962963 0.0296875 0.04722222222222222
5 0.4234375 0.1587962962962963 0.0390625 0.05740740740740741
5 0.28203125 0.16527777777777777 0.027083333333333334 0.08425925925925926
5 0.31692708333333336 0.18518518518518517 0.026041666666666668 0.07777777777777778
4 0.57265625 0.27685185185185185 0.096875 0.11296296296296296
4 0.3731770833333333 0.29212962962962963 0.11927083333333334 0.22314814814814815
5 0.5997395833333333 0.35185185185185186 0.0265625 0.0962962962962963
4 0.27890625 0.03796296296296296 0.03802083333333333 0.053703703703703705
5 0.24401041666666667 0.044444444444444446 0.011979166666666667 0.041666666666666664
5 0.30703125 0.4583333333333333 0.058333333333333334 0.17037037037037037
4 0.75859375 0.7421296296296296 0.2989583333333333 0.4203703703703704