4 0.8244791666666667 0.2175925925925926 0.035416666666666666 0.03148148148148148
4 0.69140625 0.23055555555555557 0.03958333333333333 0.04814814814814815
4 0.8260416666666667 0.24722222222222223 0.03697916666666667 0.037037037037037035
4 0.8140625 0.2912037037037037 0.051041666666666666 0.053703703703703705
4 0.815625 0.3337962962962963 0.06979166666666667 0.07685185185185185
5 0.5653645833333333 0.4305555555555556 0.04114583333333333 0.08703703703703704
4 0.8026041666666667 0.4550925925925926 0.08854166666666667 0.14166666666666666
5 0.7098958333333333 0.49074074074074076 0.03333333333333333 0.0824074074074074
5 0.49557291666666664 0.5199074074074074 0.05 0.11296296296296296
4 0.7682291666666666 0.6532407407407408 0.1328125 0.287962962962963
5 0.51015625 0.9111111111111111 0.06354166666666666 0.10833333333333334