4 0.7419270833333333 0.16805555555555557 0.01875 0.026851851851851852
4 0.8231770833333333 0.20694444444444443 0.027083333333333334 0.026851851851851852
4 0.8231770833333333 0.23981481481481481 0.029166666666666667 0.027777777777777776
4 0.6932291666666667 0.2657407407407407 0.058333333333333334 0.09351851851851851
4 0.8161458333333333 0.28055555555555556 0.052083333333333336 0.06481481481481481
5 0.74375 0.3125 0.021354166666666667 0.07962962962962963
4 0.8135416666666667 0.33564814814814814 0.06927083333333334 0.075
4 0.8041666666666667 0.4513888888888889 0.09114583333333333 0.18425925925925926
4 0.6346354166666667 0.4638888888888889 0.15625 0.24814814814814815
5 0.37526041666666665 0.6226851851851852 0.059375 0.11944444444444445
5 0.4361979166666667 0.6342592592592593 0.07708333333333334 0.15185185185185185
5 0.5869791666666667 0.775 0.07135416666666666 0.1925925925925926