4 0.7419270833333333 0.16805555555555557 0.018229166666666668 0.025925925925925925
4 0.8234375 0.24537037037037038 0.030729166666666665 0.03518518518518519
4 0.81328125 0.28055555555555556 0.04114583333333333 0.03518518518518519
5 0.6783854166666666 0.29074074074074074 0.019791666666666666 0.04814814814814815
4 0.8145833333333333 0.3347222222222222 0.06875 0.07777777777777778
5 0.7252604166666666 0.40185185185185185 0.027604166666666666 0.06666666666666667
5 0.6494791666666667 0.43425925925925923 0.028125 0.062037037037037036
4 0.8026041666666667 0.4439814814814815 0.08958333333333333 0.14722222222222223
5 0.4518229166666667 0.612037037037037 0.06458333333333334 0.15833333333333333
4 0.7684895833333333 0.6597222222222222 0.13333333333333333 0.2851851851851852
5 0.08098958333333334 0.9185185185185185 0.09427083333333333 0.16111111111111112