4 0.47520661157024796 0.15074441687344914 0.0743801652892562 0.06575682382133995
5 0.3942148760330578 0.15570719602977667 0.026446280991735537 0.04962779156327544
4 0.7148760330578512 0.017369727047146403 0.03636363636363636 0.02729528535980149
5 0.7553719008264462 0.16811414392059554 0.03636363636363636 0.052109181141439205
4 0.6743801652892562 0.18548387096774194 0.10082644628099173 0.09057071960297766
4 0.8396694214876033 0.20409429280397023 0.10578512396694215 0.08560794044665013
5 0.2603305785123967 0.2053349875930521 0.04132231404958678 0.05707196029776675
5 0.31900826446280994 0.206575682382134 0.03801652892561983 0.05459057071960298
4 0.7669421487603306 0.021712158808933003 0.03966942148760331 0.034739454094292806
5 0.471900826446281 0.2369727047146402 0.03966942148760331 0.05955334987593052
5 0.4049586776859504 0.24069478908188585 0.03140495867768595 0.043424317617866005
5 0.16363636363636364 0.26364764267990076 0.05454545454545454 0.06327543424317618
5 0.8115702479338843 0.34181141439205953 0.06115702479338843 0.07444168734491315
5 0.6181818181818182 0.380272952853598 0.05950413223140496 0.0707196029776675
4 0.20413223140495868 0.5012406947890818 0.3702479338842975 0.32754342431761785
4 0.9223140495867769 0.5068238213399504 0.15537190082644628 0.24441687344913152
5 0.6917355371900826 0.6277915632754343 0.08760330578512397 0.11910669975186104
4 0.5115702479338843 0.06575682382133995 0.0859504132231405 0.07444168734491315
5 0.29256198347107437 0.7518610421836228 0.09917355371900827 0.13771712158808933
4 0.8148760330578513 0.08312655086848635 0.07107438016528926 0.05831265508684864
5 0.4041322314049587 0.8616625310173698 0.08760330578512397 0.141439205955335
5 0.6256198347107438 0.10483870967741936 0.023140495867768594 0.03970223325062035
4 0.26611570247933886 0.12344913151364764 0.1140495867768595 0.05583126550868486