4 0.6909090909090909 0.13337468982630274 0.023140495867768594 0.017369727047146403
4 0.7214876033057851 0.13833746898263027 0.021487603305785124 0.016129032258064516
4 0.5785123966942148 0.15508684863523572 0.02975206611570248 0.017369727047146403
4 0.3950413223140496 0.1792803970223325 0.03801652892561983 0.02109181141439206
6 0.6735537190082644 0.17990074441687345 0.05619834710743802 0.05334987593052109
6 0.25702479338842976 0.18548387096774194 0.07272727272727272 0.05955334987593052
5 0.31157024793388427 0.21215880893300249 0.023140495867768594 0.028535980148883373
5 0.27520661157024795 0.24503722084367247 0.021487603305785124 0.038461538461538464
5 0.12975206611570247 0.3269230769230769 0.02809917355371901 0.038461538461538464
5 0.4289256198347107 0.34305210918114143 0.03305785123966942 0.038461538461538464
5 0.23057851239669422 0.3529776674937965 0.03801652892561983 0.04218362282878412
5 0.019834710743801654 0.40694789081885857 0.03636363636363636 0.05334987593052109
4 0.9057851239669421 0.434863523573201 0.1487603305785124 0.09305210918114144