4 0.696875 0.25787037037037036 0.030729166666666665 0.03888888888888889
4 0.6557291666666667 0.28703703703703703 0.051041666666666666 0.06851851851851852
4 0.8109375 0.3013888888888889 0.06302083333333333 0.1037037037037037
4 0.328125 0.3125 0.09010416666666667 0.12962962962962962
4 0.06588541666666667 0.3194444444444444 0.12916666666666668 0.23055555555555557
4 0.18203125 0.32037037037037036 0.12083333333333333 0.14074074074074075
5 0.6893229166666667 0.39305555555555555 0.021875 0.05092592592592592
4 0.8140625 0.39675925925925926 0.06822916666666666 0.13148148148148148
5 0.5481770833333334 0.4217592592592593 0.03854166666666667 0.0787037037037037
5 0.61953125 0.4388888888888889 0.034895833333333334 0.08981481481481482
5 0.17135416666666667 0.44351851851851853 0.07604166666666666 0.1175925925925926
5 0.46484375 0.6680555555555555 0.08020833333333334 0.15462962962962962