5 0.5363636363636364 0.12841191066997518 0.03305785123966942 0.043424317617866005
5 0.13553719008264462 0.14950372208436724 0.047933884297520664 0.04094292803970223
5 0.06942148760330578 0.15570719602977667 0.03966942148760331 0.05334987593052109
4 0.3975206611570248 0.18300248138957817 0.12231404958677686 0.09553349875930521
5 0.6132231404958678 0.184863523573201 0.0512396694214876 0.06451612903225806
4 0.12396694214876033 0.22146401985111663 0.1487603305785124 0.10421836228287841
5 0.5173553719008265 0.2531017369727047 0.03636363636363636 0.060794044665012405
4 0.6909090909090909 0.3052109181141439 0.19504132231404958 0.13399503722084366
5 0.484297520661157 0.3176178660049628 0.06115702479338843 0.07444168734491315
5 0.2884297520661157 0.3598014888337469 0.05785123966942149 0.08436724565756824
4 0.5512396694214876 0.03722084367245657 0.06776859504132231 0.060794044665012405
5 0.2190082644628099 0.39950372208436724 0.06446280991735537 0.0880893300248139
5 0.03636363636363636 0.45037220843672454 0.07272727272727272 0.10918114143920596
5 0.47603305785123967 0.5037220843672456 0.06446280991735537 0.0967741935483871
5 0.7479338842975206 0.510545905707196 0.08264462809917356 0.10918114143920596
5 0.6396694214876033 0.6259305210918115 0.11735537190082644 0.14392059553349876
5 0.4471074380165289 0.6277915632754343 0.09256198347107437 0.1315136476426799
5 0.32727272727272727 0.6941687344913151 0.07933884297520662 0.13895781637717122
5 0.30247933884297523 0.07692307692307693 0.02809917355371901 0.03970223325062035
5 0.4677685950413223 0.09119106699751861 0.03140495867768595 0.03722084367245657
5 0.23471074380165288 0.10483870967741936 0.02975206611570248 0.04838709677419355