4 0.7411458333333333 0.16805555555555557 0.021354166666666667 0.027777777777777776
4 0.8234375 0.20833333333333334 0.027604166666666666 0.028703703703703703
4 0.82421875 0.23796296296296296 0.0328125 0.032407407407407406
4 0.8135416666666667 0.3314814814814815 0.0671875 0.07777777777777778
5 0.7346354166666667 0.35138888888888886 0.0203125 0.04537037037037037
5 0.6049479166666667 0.4101851851851852 0.03697916666666667 0.08796296296296297
4 0.8033854166666666 0.44351851851851853 0.09114583333333333 0.14907407407407408
5 0.6536458333333334 0.4736111111111111 0.03802083333333333 0.09907407407407408
5 0.7052083333333333 0.4828703703703704 0.03697916666666667 0.09907407407407408
5 0.52421875 0.5069444444444444 0.042708333333333334 0.11018518518518519
4 0.7684895833333333 0.6509259259259259 0.1359375 0.29259259259259257
5 0.6643229166666667 0.6592592592592592 0.05416666666666667 0.14166666666666666
5 0.5796875 0.7800925925925926 0.05677083333333333 0.15648148148148147