4 0.37107438016528926 0.141439205955335 0.05950413223140496 0.05086848635235732
5 0.09834710743801653 0.14205955334987594 0.024793388429752067 0.034739454094292806
6 0.8115702479338843 0.28225806451612906 0.15041322314049588 0.1488833746898263
5 0.11570247933884298 0.2872208436724566 0.0512396694214876 0.08436724565756824
5 0.11652892561983472 0.30707196029776673 0.03801652892561983 0.05707196029776675
4 0.5363636363636364 0.03163771712158809 0.026446280991735537 0.022332506203473945
0 0.4570247933884298 0.04528535980148883 0.04462809917355372 0.04094292803970223
0 0.631404958677686 0.4497518610421836 0.38016528925619836 0.4106699751861042
4 0.16446280991735537 0.05397022332506204 0.03801652892561983 0.033498759305210915
4 0.2628099173553719 0.06513647642679901 0.03471074380165289 0.017369727047146403
5 0.35537190082644626 0.07320099255583126 0.013223140495867768 0.022332506203473945
4 0.8421487603305785 0.07320099255583126 0.03140495867768595 0.017369727047146403
6 0.17355371900826447 0.7338709677419355 0.31239669421487604 0.4292803970223325
5 0.04132231404958678 0.1228287841191067 0.021487603305785124 0.03722084367245657