5 0.3743801652892562 0.18181818181818182 0.024793388429752067 0.0512396694214876
6 0.503305785123967 0.19917355371900827 0.08264462809917356 0.13884297520661157
5 0.19008264462809918 0.2256198347107438 0.023140495867768594 0.03801652892561983
4 0.6272727272727273 0.24462809917355371 0.08760330578512397 0.0859504132231405
5 0.41735537190082644 0.2487603305785124 0.04462809917355372 0.05454545454545454
5 0.2950413223140496 0.3074380165289256 0.03140495867768595 0.049586776859504134
5 0.7206611570247934 0.6024793388429752 0.05950413223140496 0.10413223140495868
4 0.46198347107438015 0.0768595041322314 0.03305785123966942 0.03305785123966942
4 0.5264462809917355 0.07851239669421488 0.03471074380165289 0.03140495867768595
4 0.40082644628099173 0.0859504132231405 0.04297520661157025 0.03636363636363636
4 0.5909090909090909 0.1396694214876033 0.05785123966942149 0.047933884297520664
5 0.31239669421487604 0.1537190082644628 0.01818181818181818 0.047933884297520664