4 0.7411458333333333 0.16944444444444445 0.0203125 0.02962962962962963
4 0.6809895833333334 0.21898148148148147 0.0375 0.04722222222222222
4 0.8229166666666666 0.21944444444444444 0.03125 0.028703703703703703
4 0.8213541666666667 0.25555555555555554 0.03958333333333333 0.049074074074074076
6 0.7057291666666666 0.3111111111111111 0.08177083333333333 0.14444444444444443
5 0.6302083333333334 0.3287037037037037 0.030208333333333334 0.06851851851851852
4 0.815625 0.33101851851851855 0.0703125 0.08611111111111111
5 0.5372395833333333 0.4263888888888889 0.0375 0.08796296296296297
5 0.6471354166666666 0.4564814814814815 0.027604166666666666 0.06851851851851852
4 0.80390625 0.4601851851851852 0.09010416666666667 0.17407407407407408
5 0.6864583333333333 0.5300925925925926 0.030729166666666665 0.07037037037037037
5 0.2559895833333333 0.7643518518518518 0.09375 0.13518518518518519
4 0.1734375 0.9120370370370371 0.25625 0.17407407407407408