4 0.2528925619834711 0.2140495867768595 0.0512396694214876 0.0628099173553719
4 0.19008264462809918 0.22396694214876034 0.04628099173553719 0.03305785123966942
4 0.3586776859504132 0.2256198347107438 0.04628099173553719 0.04297520661157025
4 0.40578512396694216 0.2578512396694215 0.04297520661157025 0.03966942148760331
5 0.35702479338842974 0.30165289256198347 0.01818181818181818 0.04297520661157025
5 0.328099173553719 0.3074380165289256 0.023140495867768594 0.03966942148760331
4 0.42727272727272725 0.31074380165289256 0.07768595041322314 0.08429752066115702
5 0.10495867768595041 0.3181818181818182 0.024793388429752067 0.04462809917355372
5 0.2611570247933884 0.32727272727272727 0.024793388429752067 0.03966942148760331
5 0.30413223140495865 0.34545454545454546 0.024793388429752067 0.0512396694214876
5 0.2206611570247934 0.34710743801652894 0.03140495867768595 0.04462809917355372
5 0.18181818181818182 0.4115702479338843 0.02975206611570248 0.0512396694214876
5 0.14132231404958678 0.4809917355371901 0.03636363636363636 0.0628099173553719
0 0.5107438016528926 0.4975206611570248 0.14380165289256197 0.1669421487603306
5 0.21322314049586777 0.5652892561983471 0.04628099173553719 0.08760330578512397
4 0.05702479338842975 0.6520661157024793 0.11074380165289256 0.21652892561983472
5 0.15123966942148762 0.7884297520661157 0.06611570247933884 0.11900826446280992