4 0.8252604166666667 0.21666666666666667 0.030208333333333334 0.025925925925925925
4 0.7020833333333333 0.22685185185185186 0.03333333333333333 0.046296296296296294
4 0.9388020833333334 0.24814814814814815 0.04895833333333333 0.06759259259259259
5 0.6705729166666666 0.2824074074074074 0.022395833333333334 0.05
5 0.7026041666666667 0.33194444444444443 0.029166666666666667 0.06574074074074074
4 0.8151041666666666 0.3351851851851852 0.06979166666666667 0.075
5 0.6151041666666667 0.3587962962962963 0.0234375 0.06851851851851852
4 0.6841145833333333 0.4398148148148148 0.10729166666666666 0.14907407407407408
4 0.80390625 0.4583333333333333 0.090625 0.17222222222222222
4 0.5072916666666667 0.48518518518518516 0.1625 0.22685185185185186
5 0.68828125 0.6129629629629629 0.04739583333333333 0.10462962962962963