4 0.7702479338842976 0.1346153846153846 0.05619834710743802 0.04094292803970223
4 0.6413223140495867 0.15942928039702234 0.0628099173553719 0.04466501240694789
5 0.271900826446281 0.27977667493796526 0.03305785123966942 0.05831265508684864
5 0.228099173553719 0.30707196029776673 0.04132231404958678 0.05583126550868486
4 0.871900826446281 0.3560794044665012 0.15206611570247933 0.10173697270471464
5 0.18429752066115704 0.3566997518610422 0.05619834710743802 0.05583126550868486
5 0.23636363636363636 0.4292803970223325 0.0628099173553719 0.06575682382133995
5 0.13388429752066117 0.4447890818858561 0.049586776859504134 0.06575682382133995
4 0.6975206611570248 0.04838709677419355 0.019834710743801654 0.016129032258064516
5 0.07603305785123966 0.5502481389578163 0.06446280991735537 0.09057071960297766
4 0.6181818181818182 0.07133995037220843 0.023140495867768594 0.016129032258064516
4 0.7082644628099174 0.07630272952853598 0.02809917355371901 0.018610421836228287
6 0.6661157024793388 0.07754342431761786 0.03305785123966942 0.028535980148883373
6 0.3074380165289256 0.09553349875930521 0.06446280991735537 0.05086848635235732
4 0.6809917355371901 0.1228287841191067 0.04462809917355372 0.02977667493796526