5 0.14297520661157026 0.19975186104218362 0.06776859504132231 0.0707196029776675
5 0.8702479338842976 0.20719602977667495 0.0628099173553719 0.08188585607940446
5 0.2702479338842975 0.24441687344913152 0.06115702479338843 0.07816377171215881
4 0.6809917355371901 0.2512406947890819 0.18677685950413223 0.20099255583126552
5 0.41818181818181815 0.2531017369727047 0.06611570247933884 0.09925558312655088
4 0.8082644628099174 0.034739454094292806 0.10578512396694215 0.06947890818858561
5 0.27520661157024795 0.3957816377171216 0.07933884297520662 0.10297766749379653
5 0.7148760330578512 0.0794044665012407 0.04462809917355372 0.05831265508684864
4 0.9181818181818182 0.8089330024813896 0.16198347107438016 0.23945409429280398
4 0.5917355371900826 0.08933002481389578 0.1206611570247934 0.11910669975186104
5 0.7694214876033058 0.11724565756823821 0.047933884297520664 0.0794044665012407