4 0.6347107438016529 0.17520661157024794 0.03305785123966942 0.03471074380165289
4 0.5867768595041323 0.19586776859504132 0.03140495867768595 0.02975206611570248
4 0.6504132231404959 0.228099173553719 0.05289256198347107 0.05289256198347107
5 0.3702479338842975 0.27768595041322314 0.023140495867768594 0.04462809917355372
4 0.6785123966942149 0.31157024793388427 0.07603305785123966 0.07107438016528926
5 0.6264462809917355 0.4206611570247934 0.02975206611570248 0.05454545454545454
0 0.45950413223140496 0.4297520661157025 0.2066115702479339 0.3487603305785124
5 0.7297520661157024 0.45454545454545453 0.04132231404958678 0.0743801652892562
5 0.17520661157024794 0.5644628099173554 0.05454545454545454 0.07768595041322314
5 0.6669421487603305 0.7173553719008264 0.05950413223140496 0.09752066115702479
4 0.8545454545454545 0.8223140495867769 0.28760330578512394 0.35206611570247937
5 0.5975206611570248 0.8305785123966942 0.07603305785123966 0.14049586776859505