4 0.06640625 0.3199074074074074 0.13020833333333334 0.23055555555555557
4 0.17864583333333334 0.32222222222222224 0.13072916666666667 0.14907407407407408
5 0.48828125 0.33101851851851855 0.03333333333333333 0.08703703703703704
5 0.6497395833333334 0.34953703703703703 0.025 0.06851851851851852
5 0.43203125 0.37824074074074077 0.035416666666666666 0.10277777777777777
5 0.7309895833333333 0.3814814814814815 0.0234375 0.049074074074074076
4 0.8078125 0.42268518518518516 0.08229166666666667 0.1398148148148148
5 0.6203125 0.462037037037037 0.044270833333333336 0.1175925925925926
5 0.5484375 0.4791666666666667 0.04635416666666667 0.1287037037037037
5 0.37604166666666666 0.5277777777777778 0.058333333333333334 0.12685185185185185
5 0.484375 0.6125 0.0515625 0.18703703703703703