5 0.8710743801652893 0.46774193548387094 0.06611570247933884 0.052109181141439205
5 0.23140495867768596 0.5297766749379652 0.10743801652892562 0.0794044665012407
5 0.7165289256198347 0.5558312655086849 0.08925619834710743 0.06327543424317618
5 0.49669421487603305 0.5601736972704715 0.11074380165289256 0.060794044665012405
5 0.9867768595041322 0.5837468982630273 0.023140495867768594 0.0707196029776675
5 0.15454545454545454 0.6004962779156328 0.1487603305785124 0.08188585607940446
5 0.7669421487603306 0.6141439205955335 0.0859504132231405 0.0707196029776675
5 0.5115702479338843 0.6594292803970223 0.11735537190082644 0.07444168734491315
5 0.5256198347107438 0.707196029776675 0.13884297520661157 0.11042183622828784
5 0.1140495867768595 0.8132754342431762 0.228099173553719 0.12903225806451613
5 0.8652892561983471 0.825062034739454 0.12892561983471074 0.1054590570719603
5 0.7239669421487603 0.9497518610421837 0.15206611570247933 0.0967741935483871