4 0.82421875 0.2337962962962963 0.029166666666666667 0.030555555555555555
4 0.7044270833333334 0.24027777777777778 0.04010416666666667 0.049074074074074076
4 0.8143229166666667 0.30972222222222223 0.06145833333333333 0.1037037037037037
4 0.8036458333333333 0.43842592592592594 0.0921875 0.15092592592592594
5 0.5986979166666667 0.45416666666666666 0.0453125 0.09722222222222222
4 0.6778645833333333 0.4546296296296296 0.12239583333333333 0.17314814814814813
5 0.5356770833333333 0.6041666666666666 0.04479166666666667 0.13333333333333333
5 0.65078125 0.6217592592592592 0.04791666666666667 0.1361111111111111
4 0.7653645833333333 0.649537037037037 0.13333333333333333 0.287962962962963
5 0.5794270833333334 0.7837962962962963 0.058854166666666666 0.17777777777777778
5 0.47161458333333334 0.8777777777777778 0.075 0.18981481481481483