4 0.7934895833333333 0.17175925925925925 0.021354166666666667 0.023148148148148147
4 0.7520833333333333 0.17916666666666667 0.03697916666666667 0.03611111111111111
4 0.7098958333333333 0.21805555555555556 0.030729166666666665 0.03796296296296296
4 0.8231770833333333 0.2324074074074074 0.03125 0.030555555555555555
5 0.6927083333333334 0.2722222222222222 0.019791666666666666 0.04814814814814815
4 0.8151041666666666 0.3111111111111111 0.06041666666666667 0.09907407407407408
5 0.6669270833333333 0.325 0.025520833333333333 0.06111111111111111
4 0.7286458333333333 0.3375 0.07447916666666667 0.1037037037037037
4 0.8041666666666667 0.4425925925925926 0.0875 0.14722222222222223
5 0.70625 0.5175925925925926 0.036458333333333336 0.09907407407407408
5 0.57421875 0.6504629629629629 0.058854166666666666 0.13796296296296295
4 0.77109375 0.6523148148148148 0.13333333333333333 0.29259259259259257