4 0.8236979166666667 0.20601851851851852 0.024479166666666666 0.023148148148148147
4 0.8229166666666666 0.23981481481481481 0.029166666666666667 0.028703703703703703
4 0.81640625 0.2851851851851852 0.04895833333333333 0.05
4 0.8138020833333334 0.33564814814814814 0.06875 0.075
5 0.5854166666666667 0.40555555555555556 0.03697916666666667 0.0787037037037037
5 0.69609375 0.45416666666666666 0.03333333333333333 0.07592592592592592
4 0.8036458333333333 0.45787037037037037 0.09010416666666667 0.1712962962962963
5 0.47239583333333335 0.49675925925925923 0.0484375 0.10833333333333334
5 0.58828125 0.5356481481481481 0.04791666666666667 0.11203703703703703
5 0.37864583333333335 0.7 0.07135416666666666 0.1675925925925926
5 0.6059895833333333 0.8921296296296296 0.07291666666666667 0.19537037037037036