5 0.6041322314049586 0.38089330024813894 0.03140495867768595 0.033498759305210915
5 0.7512396694214876 0.4162531017369727 0.02809917355371901 0.034739454094292806
4 0.9768595041322314 0.4801488833746898 0.04628099173553719 0.06823821339950373
5 0.2785123966942149 0.4913151364764268 0.06115702479338843 0.04714640198511166
5 0.34628099173553717 0.5241935483870968 0.0628099173553719 0.04838709677419355
5 0.3958677685950413 0.5514888337468983 0.06942148760330578 0.062034739454094295
5 0.4925619834710744 0.5521091811414393 0.06446280991735537 0.060794044665012405
5 0.17355371900826447 0.575682382133995 0.09752066115702479 0.06947890818858561
4 0.9371900826446281 0.5769230769230769 0.12231404958677686 0.11910669975186104
5 0.047933884297520664 0.6017369727047146 0.09090909090909091 0.07568238213399504
5 0.8140495867768595 0.6575682382133995 0.06776859504132231 0.07320099255583126
5 0.6173553719008265 0.6575682382133995 0.06942148760330578 0.07692307692307693
5 0.39090909090909093 0.6879652605459057 0.09090909090909091 0.10297766749379653
5 0.6851239669421487 0.7140198511166254 0.07933884297520662 0.1054590570719603
5 0.1975206611570248 0.7791563275434243 0.1322314049586777 0.1315136476426799
5 0.3942148760330578 0.793424317617866 0.11570247933884298 0.11290322580645161
4 0.784297520661157 0.8560794044665012 0.2975206611570248 0.2878411910669975
5 0.5057851239669422 0.8734491315136477 0.09752066115702479 0.13647642679900746
4 0.1669421487603306 0.9292803970223326 0.32727272727272727 0.141439205955335