4 0.8106770833333333 0.29398148148148145 0.06145833333333333 0.1
5 0.6299479166666667 0.29814814814814816 0.024479166666666666 0.08148148148148149
4 0.2791666666666667 0.30972222222222223 0.11979166666666667 0.13240740740740742
4 0.06588541666666667 0.3194444444444444 0.12864583333333332 0.2222222222222222
5 0.5794270833333334 0.32083333333333336 0.027604166666666666 0.08518518518518518
4 0.17682291666666666 0.32222222222222224 0.12916666666666668 0.14907407407407408
5 0.4942708333333333 0.3277777777777778 0.0296875 0.08981481481481482
5 0.5265625 0.3449074074074074 0.03177083333333333 0.0962962962962963
4 0.3606770833333333 0.40324074074074073 0.15416666666666667 0.15925925925925927
5 0.6263020833333334 0.4597222222222222 0.0328125 0.07777777777777778
5 0.6536458333333334 0.5722222222222222 0.058854166666666666 0.18981481481481483
5 0.2643229166666667 0.7569444444444444 0.10625 0.27685185185185185