4 0.8104166666666667 0.29074074074074074 0.06302083333333333 0.09907407407407408
4 0.27890625 0.30833333333333335 0.1171875 0.13333333333333333
4 0.065625 0.3189814814814815 0.12864583333333332 0.2222222222222222
4 0.17760416666666667 0.32175925925925924 0.128125 0.14814814814814814
5 0.37447916666666664 0.3472222222222222 0.050520833333333334 0.08703703703703704
4 0.5046875 0.3680555555555556 0.13541666666666666 0.19537037037037036
5 0.7018229166666666 0.3726851851851852 0.023958333333333335 0.04351851851851852
4 0.8130208333333333 0.40046296296296297 0.065625 0.12407407407407407
5 0.6486979166666667 0.40370370370370373 0.027083333333333334 0.05185185185185185
4 0.2796875 0.6185185185185185 0.2625 0.30092592592592593
5 0.7934895833333333 0.8050925925925926 0.15364583333333334 0.225