4 0.5685950413223141 0.1501240694789082 0.05950413223140496 0.03722084367245657
4 0.6834710743801653 0.18362282878411912 0.03966942148760331 0.04962779156327544
6 0.7380165289256199 0.2109181141439206 0.09752066115702479 0.12531017369727046
0 0.39008264462809916 0.2227047146401985 0.19834710743801653 0.14516129032258066
5 0.16611570247933885 0.2543424317617866 0.03636363636363636 0.03722084367245657
5 0.1115702479338843 0.27667493796526055 0.03966942148760331 0.043424317617866005
6 0.4991735537190083 0.27977667493796526 0.12396694214876033 0.12406947890818859
5 0.03471074380165289 0.304590570719603 0.03471074380165289 0.04094292803970223
4 0.6429752066115703 0.3455334987593052 0.1305785123966942 0.09181141439205956
4 0.7289256198347107 0.042803970223325064 0.026446280991735537 0.02729528535980149
4 0.6768595041322314 0.043424317617866005 0.024793388429752067 0.01488833746898263
4 0.7537190082644628 0.05459057071960298 0.03140495867768595 0.022332506203473945
4 0.6388429752066116 0.060794044665012405 0.03305785123966942 0.026054590570719603
4 0.7066115702479339 0.0707196029776675 0.03636363636363636 0.028535980148883373
4 0.20743801652892563 0.7475186104218362 0.3421487603305785 0.24193548387096775