4 0.5785123966942148 0.19421487603305784 0.049586776859504134 0.05454545454545454
5 0.45454545454545453 0.24545454545454545 0.023140495867768594 0.03636363636363636
4 0.671900826446281 0.28512396694214875 0.07272727272727272 0.08099173553719008
5 0.328099173553719 0.2909090909090909 0.03305785123966942 0.0628099173553719
4 0.4925619834710744 0.31983471074380165 0.09256198347107437 0.08429752066115702
5 0.14628099173553719 0.428099173553719 0.04297520661157025 0.0628099173553719
5 0.5942148760330579 0.45041322314049587 0.04132231404958678 0.06446280991735537
5 0.7008264462809918 0.48760330578512395 0.04628099173553719 0.07768595041322314
5 0.12892561983471074 0.6206611570247934 0.06776859504132231 0.10743801652892562
4 0.22479338842975208 0.7347107438016529 0.27603305785123966 0.2859504132231405
4 0.587603305785124 0.11735537190082644 0.03305785123966942 0.026446280991735537
4 0.5247933884297521 0.1396694214876033 0.03305785123966942 0.02975206611570248