4 0.8661157024793389 0.4231404958677686 0.02809917355371901 0.023140495867768594
4 0.7950413223140496 0.44958677685950416 0.04297520661157025 0.03636363636363636
4 0.9752066115702479 0.456198347107438 0.03801652892561983 0.03636363636363636
0 0.7272727272727273 0.5702479338842975 0.1669421487603306 0.2066115702479339
5 0.5396694214876033 0.5793388429752067 0.02809917355371901 0.03471074380165289
5 0.8925619834710744 0.596694214876033 0.02975206611570248 0.04297520661157025
5 0.45950413223140496 0.6446280991735537 0.04297520661157025 0.06115702479338843
5 0.547107438016529 0.6603305785123967 0.03966942148760331 0.05950413223140496
4 0.9173553719008265 0.7479338842975206 0.14049586776859505 0.1933884297520661
5 0.3049586776859504 0.756198347107438 0.06446280991735537 0.07107438016528926
5 0.6462809917355372 0.8404958677685951 0.06446280991735537 0.10743801652892562
5 0.19834710743801653 0.8851239669421488 0.10082644628099173 0.1206611570247934