5 0.06611570247933884 0.17768595041322313 0.02809917355371901 0.03801652892561983
4 0.4090909090909091 0.2190082644628099 0.09917355371900827 0.09917355371900827
5 0.012396694214876033 0.25950413223140495 0.023140495867768594 0.07272727272727272
5 0.12727272727272726 0.2983471074380165 0.03305785123966942 0.05454545454545454
5 0.23140495867768596 0.3082644628099174 0.03471074380165289 0.05950413223140496
5 0.3049586776859504 0.3396694214876033 0.03966942148760331 0.07272727272727272
4 0.343801652892562 0.04297520661157025 0.04297520661157025 0.049586776859504134
4 0.5198347107438016 0.46859504132231405 0.20991735537190082 0.2727272727272727
5 0.3611570247933884 0.4818181818181818 0.05619834710743802 0.08925619834710743
4 0.1884297520661157 0.6082644628099173 0.2231404958677686 0.34710743801652894
0 0.18677685950413223 0.08181818181818182 0.08264462809917356 0.09586776859504133
5 0.38264462809917354 0.10413223140495868 0.019834710743801654 0.04132231404958678
5 0.12231404958677686 0.15041322314049588 0.026446280991735537 0.05619834710743802