4 0.5380165289256198 0.13647642679900746 0.05950413223140496 0.04218362282878412
5 0.29338842975206614 0.1501240694789082 0.024793388429752067 0.031017369727047148
5 0.05206611570247934 0.1687344913151365 0.024793388429752067 0.043424317617866005
5 0.032231404958677684 0.206575682382134 0.02975206611570248 0.04962779156327544
5 0.32727272727272727 0.29652605459057074 0.04297520661157025 0.05459057071960298
6 0.775206611570248 0.3356079404466501 0.18677685950413223 0.17121588089330025
4 0.5322314049586777 0.03535980148883375 0.021487603305785124 0.016129032258064516
5 0.22231404958677686 0.34925558312655086 0.03140495867768595 0.04714640198511166
4 0.5099173553719009 0.06761786600496278 0.03471074380165289 0.02357320099255583
5 0.14297520661157026 0.6960297766749379 0.07603305785123966 0.1054590570719603
4 0.5487603305785124 0.08250620347394541 0.04132231404958678 0.031017369727047148
4 0.43553719008264463 0.08933002481389578 0.03305785123966942 0.028535980148883373
5 0.20165289256198346 0.10297766749379653 0.023140495867768594 0.031017369727047148
4 0.41983471074380163 0.11042183622828784 0.05289256198347107 0.04218362282878412