4 0.7416666666666667 0.1675925925925926 0.019791666666666666 0.027777777777777776
4 0.72421875 0.23472222222222222 0.0484375 0.08055555555555556
4 0.8231770833333333 0.2388888888888889 0.028645833333333332 0.027777777777777776
4 0.815625 0.28194444444444444 0.049479166666666664 0.062037037037037036
4 0.81328125 0.33287037037037037 0.06614583333333333 0.075
5 0.7486979166666666 0.35833333333333334 0.022395833333333334 0.053703703703703705
5 0.58671875 0.425462962962963 0.051041666666666666 0.06111111111111111
4 0.8033854166666666 0.4388888888888889 0.09166666666666666 0.14907407407407408
5 0.6942708333333333 0.48935185185185187 0.034895833333333334 0.08333333333333333
4 0.7671875 0.6518518518518519 0.13333333333333333 0.287962962962963
5 0.37890625 0.6759259259259259 0.07708333333333334 0.175