4 0.4192708333333333 0.9314814814814815 0.32395833333333335 0.13518518518518519
4 0.8234375 0.24444444444444444 0.030729166666666665 0.03518518518518519
4 0.8127604166666667 0.27824074074074073 0.04635416666666667 0.03888888888888889
4 0.8153645833333333 0.3287037037037037 0.06614583333333333 0.07222222222222222
5 0.7411458333333333 0.3398148148148148 0.0203125 0.05
5 0.6450520833333333 0.3907407407407407 0.033854166666666664 0.08611111111111111
4 0.8041666666666667 0.44351851851851853 0.09114583333333333 0.15185185185185185
5 0.6846354166666667 0.5222222222222223 0.03125 0.08055555555555556
5 0.49895833333333334 0.5675925925925925 0.049479166666666664 0.12962962962962962
4 0.7682291666666666 0.6537037037037037 0.1328125 0.29074074074074074
5 0.29192708333333334 0.7310185185185185 0.08854166666666667 0.16944444444444445