4 0.5479338842975207 0.12841191066997518 0.026446280991735537 0.018610421836228287
6 0.512396694214876 0.13089330024813894 0.03636363636363636 0.03598014888337469
4 0.5735537190082645 0.14578163771712158 0.03305785123966942 0.019851116625310174
4 0.6305785123966943 0.15260545905707196 0.03636363636363636 0.02357320099255583
4 0.4628099173553719 0.15508684863523572 0.03801652892561983 0.03722084367245657
4 0.5809917355371901 0.18982630272952852 0.047933884297520664 0.03225806451612903
4 0.36611570247933883 0.22704714640198512 0.0628099173553719 0.043424317617866005
5 0.13305785123966943 0.27791563275434245 0.026446280991735537 0.028535980148883373
5 0.08016528925619834 0.2990074441687345 0.03305785123966942 0.03598014888337469
4 0.10743801652892562 0.4044665012406948 0.15867768595041323 0.1054590570719603
4 0.5462809917355372 0.48759305210918114 0.2049586776859504 0.20595533498759305
4 0.5983471074380166 0.12096774193548387 0.024793388429752067 0.01488833746898263