5 0.46115702479338844 0.1834710743801653 0.03966942148760331 0.0859504132231405
5 0.08264462809917356 0.19834710743801653 0.03471074380165289 0.05454545454545454
5 0.2785123966942149 0.2702479338842975 0.04132231404958678 0.07603305785123966
5 0.2024793388429752 0.28264462809917357 0.04132231404958678 0.07603305785123966
6 0.6388429752066116 0.3603305785123967 0.1884297520661157 0.2975206611570248
5 0.1231404958677686 0.43305785123966944 0.06776859504132231 0.09752066115702479
5 0.02975206611570248 0.44214876033057854 0.05950413223140496 0.10082644628099173
6 0.31735537190082647 0.6628099173553719 0.31900826446280994 0.6595041322314049
5 0.21652892561983472 0.06859504132231405 0.026446280991735537 0.03801652892561983
5 0.24958677685950414 0.08016528925619834 0.026446280991735537 0.03305785123966942
4 0.8173553719008264 0.8016528925619835 0.3487603305785124 0.3933884297520661
5 0.0884297520661157 0.8099173553719008 0.08264462809917356 0.1652892561983471
5 0.14958677685950414 0.11322314049586776 0.02975206611570248 0.04297520661157025
4 0.5785123966942148 0.14214876033057852 0.1024793388429752 0.14049586776859505
4 0.22644628099173553 0.15867768595041323 0.11570247933884298 0.11074380165289256