4 0.7411458333333333 0.16898148148148148 0.020833333333333332 0.02962962962962963
4 0.8231770833333333 0.21898148148148147 0.03177083333333333 0.030555555555555555
4 0.82578125 0.24537037037037038 0.03229166666666667 0.03888888888888889
4 0.81328125 0.27870370370370373 0.044270833333333336 0.03611111111111111
5 0.7291666666666666 0.31712962962962965 0.015625 0.028703703703703703
4 0.815625 0.33101851851851855 0.06979166666666667 0.07592592592592592
5 0.7111979166666667 0.43194444444444446 0.030729166666666665 0.08055555555555556
4 0.8036458333333333 0.44166666666666665 0.08958333333333333 0.1537037037037037
5 0.5294270833333333 0.46435185185185185 0.042708333333333334 0.09907407407407408
5 0.6830729166666667 0.586574074074074 0.03697916666666667 0.10277777777777777
4 0.765625 0.6527777777777778 0.13385416666666666 0.29259259259259257