5 0.9545454545454546 0.47766749379652607 0.03636363636363636 0.031017369727047148
5 0.8190082644628099 0.5062034739454094 0.05454545454545454 0.04962779156327544
5 0.8942148760330578 0.532258064516129 0.049586776859504134 0.03970223325062035
5 0.4809917355371901 0.5570719602977667 0.08099173553719008 0.05955334987593052
5 0.6652892561983471 0.5700992555831266 0.07272727272727272 0.05459057071960298
5 0.5619834710743802 0.6060794044665012 0.11074380165289256 0.06451612903225806
6 0.9289256198347108 0.6401985111662531 0.13884297520661157 0.12406947890818859
5 0.015702479338842976 0.640818858560794 0.02975206611570248 0.08933002481389578
5 0.3628099173553719 0.6662531017369727 0.14380165289256197 0.10794044665012408
4 0.4768595041322314 0.760545905707196 0.4115702479338843 0.20099255583126552
5 0.675206611570248 0.9336228287841191 0.17355371900826447 0.13027295285359802