5 0.7851239669421488 0.18099173553719008 0.026446280991735537 0.05950413223140496
5 0.41652892561983473 0.22644628099173553 0.03140495867768595 0.049586776859504134
5 0.7479338842975206 0.228099173553719 0.02975206611570248 0.04132231404958678
5 0.6413223140495867 0.25702479338842976 0.03636363636363636 0.05950413223140496
5 0.2991735537190083 0.28429752066115704 0.03636363636363636 0.05950413223140496
5 0.6983471074380165 0.2892561983471074 0.03636363636363636 0.06446280991735537
5 0.3528925619834711 0.32892561983471075 0.047933884297520664 0.06942148760330578
5 0.16363636363636364 0.3421487603305785 0.04628099173553719 0.06942148760330578
5 0.7867768595041322 0.41983471074380163 0.0512396694214876 0.09256198347107437
4 0.6033057851239669 0.045454545454545456 0.04132231404958678 0.04297520661157025
5 0.14710743801652892 0.4768595041322314 0.07107438016528926 0.09421487603305785
4 0.19173553719008266 0.6520661157024793 0.28429752066115704 0.31900826446280994
5 0.04214876033057851 0.6570247933884298 0.08429752066115702 0.12892561983471074
4 0.7636363636363637 0.11322314049586776 0.0628099173553719 0.06942148760330578
5 0.4636363636363636 0.11652892561983472 0.01818181818181818 0.03140495867768595
4 0.531404958677686 0.1652892561983471 0.09256198347107437 0.08429752066115702