4 0.740625 0.1685185185185185 0.019791666666666666 0.028703703703703703
4 0.8244791666666667 0.21712962962962962 0.030208333333333334 0.028703703703703703
0 0.6830729166666667 0.22685185185185186 0.04583333333333333 0.05648148148148148
4 0.8255208333333334 0.24351851851851852 0.0328125 0.03888888888888889
4 0.8135416666666667 0.2777777777777778 0.04479166666666667 0.03796296296296296
4 0.8151041666666666 0.3314814814814815 0.06927083333333334 0.0787037037037037
5 0.6497395833333334 0.34305555555555556 0.025 0.07407407407407407
5 0.7036458333333333 0.38472222222222224 0.021875 0.05648148148148148
5 0.7359375 0.3851851851851852 0.025520833333333333 0.07037037037037037
4 0.8028645833333333 0.45601851851851855 0.0890625 0.17592592592592593
4 0.7661458333333333 0.6541666666666667 0.1328125 0.2935185185185185