4 0.5851239669421487 0.13027295285359802 0.04628099173553719 0.03722084367245657
4 0.36363636363636365 0.14205955334987594 0.05289256198347107 0.03722084367245657
5 0.33553719008264465 0.16377171215880892 0.024793388429752067 0.03970223325062035
4 0.6057851239669422 0.1705955334987593 0.06611570247933884 0.05086848635235732
0 0.456198347107438 0.17369727047146402 0.10413223140495868 0.11786600496277916
4 0.06942148760330578 0.19540942928039703 0.11735537190082644 0.05459057071960298
5 0.21074380165289255 0.20595533498759305 0.03140495867768595 0.03722084367245657
5 0.2859504132231405 0.228287841191067 0.03801652892561983 0.05334987593052109
5 0.05454545454545454 0.26240694789081886 0.03966942148760331 0.060794044665012405
4 0.6429752066115703 0.26240694789081886 0.09586776859504133 0.08188585607940446
5 0.5520661157024793 0.2698511166253102 0.02975206611570248 0.04962779156327544
5 0.40826446280991735 0.2803970223325062 0.04132231404958678 0.05955334987593052
5 0.34049586776859503 0.28225806451612906 0.03305785123966942 0.043424317617866005
4 0.12727272727272726 0.28287841191067 0.1487603305785124 0.08436724565756824
5 0.28429752066115704 0.3269230769230769 0.04628099173553719 0.05955334987593052
5 0.1884297520661157 0.33064516129032256 0.0512396694214876 0.06575682382133995
4 0.4768595041322314 0.3380893300248139 0.12892561983471074 0.1327543424317618
5 0.6462809917355372 0.38647642679900746 0.04462809917355372 0.05955334987593052
5 0.1347107438016529 0.4299007444168734 0.0512396694214876 0.06575682382133995
5 0.7851239669421488 0.5508684863523573 0.06611570247933884 0.08684863523573201
4 0.5785123966942148 0.5794044665012407 0.2049586776859504 0.2531017369727047
5 0.2256198347107438 0.598014888337469 0.06611570247933884 0.08684863523573201
4 0.515702479338843 0.08560794044665013 0.03471074380165289 0.026054590570719603
4 0.5735537190082645 0.0924317617866005 0.03966942148760331 0.02481389578163772
5 0.5504132231404959 0.9224565756823822 0.14214876033057852 0.15260545905707196