4 0.7677685950413223 0.12655086848635236 0.1256198347107438 0.11290322580645161
5 0.5371900826446281 0.13709677419354838 0.047933884297520664 0.08188585607940446
4 0.12975206611570247 0.015508684863523574 0.1140495867768595 0.028535980148883373
5 0.5371900826446281 0.15632754342431762 0.04132231404958678 0.05583126550868486
5 0.22644628099173553 0.17866004962779156 0.06115702479338843 0.08560794044665013
5 0.6636363636363637 0.1792803970223325 0.04297520661157025 0.06823821339950373
5 0.07107438016528926 0.23014888337468983 0.06115702479338843 0.06699751861042183
5 0.596694214876033 0.29404466501240695 0.047933884297520664 0.07196029776674938
5 0.5181818181818182 0.030397022332506202 0.03305785123966942 0.05707196029776675
4 0.8363636363636363 0.3232009925558313 0.2066115702479339 0.20347394540942929
4 0.05289256198347107 0.423697270471464 0.1024793388429752 0.22456575682382135
5 0.1305785123966942 0.5093052109181141 0.09917355371900827 0.1141439205955335
0 0.33553719008264465 0.5266749379652605 0.47603305785123967 0.6836228287841191
5 0.7099173553719008 0.8436724565756824 0.11900826446280992 0.12034739454094293
5 0.2900826446280992 0.09553349875930521 0.04297520661157025 0.05459057071960298
4 0.3760330578512397 0.11290322580645161 0.1652892561983471 0.1588089330024814