4 0.7411458333333333 0.16944444444444445 0.021875 0.028703703703703703
4 0.8229166666666666 0.21805555555555556 0.03125 0.030555555555555555
4 0.8255208333333334 0.2462962962962963 0.0328125 0.03981481481481482
5 0.6953125 0.26944444444444443 0.0171875 0.04722222222222222
4 0.8130208333333333 0.27824074074074073 0.044270833333333336 0.03518518518518519
4 0.8151041666666666 0.32314814814814813 0.0640625 0.06666666666666667
5 0.7588541666666667 0.325 0.019270833333333334 0.06111111111111111
5 0.63984375 0.33611111111111114 0.0234375 0.06481481481481481
4 0.8041666666666667 0.44166666666666665 0.09010416666666667 0.15648148148148147
5 0.6666666666666666 0.5333333333333333 0.043229166666666666 0.09351851851851851
6 0.7682291666666666 0.6523148148148148 0.1328125 0.2898148148148148