4 0.7628099173553718 0.34710743801652894 0.0628099173553719 0.05785123966942149
5 0.8537190082644628 0.35206611570247937 0.019834710743801654 0.04297520661157025
5 0.687603305785124 0.3586776859504132 0.019834710743801654 0.02975206611570248
4 0.3586776859504132 0.3884297520661157 0.10743801652892562 0.05950413223140496
5 0.7867768595041322 0.4909090909090909 0.03471074380165289 0.07603305785123966
0 0.528099173553719 0.49669421487603305 0.2512396694214876 0.30413223140495865
5 0.35206611570247937 0.5347107438016528 0.04297520661157025 0.05454545454545454
5 0.8545454545454545 0.540495867768595 0.04297520661157025 0.07768595041322314
5 0.6909090909090909 0.587603305785124 0.04628099173553719 0.07107438016528926
5 0.9330578512396694 0.6710743801652893 0.0512396694214876 0.08925619834710743
5 0.1371900826446281 0.7173553719008264 0.09090909090909091 0.12231404958677686
5 0.6942148760330579 0.8314049586776859 0.06611570247933884 0.1140495867768595