4 0.4049586776859504 0.163151364764268 0.09090909090909091 0.08560794044665013
5 0.30413223140495865 0.19230769230769232 0.03305785123966942 0.03970223325062035
5 0.5487603305785124 0.20719602977667495 0.02809917355371901 0.04218362282878412
4 0.4371900826446281 0.271712158808933 0.12231404958677686 0.11290322580645161
5 0.1537190082644628 0.28287841191067 0.05289256198347107 0.07444168734491315
5 0.04214876033057851 0.2866004962779156 0.04462809917355372 0.06575682382133995
5 0.21570247933884298 0.34739454094292804 0.04132231404958678 0.060794044665012405
5 0.4305785123966942 0.3535980148883375 0.047933884297520664 0.06699751861042183
5 0.6148760330578512 0.38399503722084366 0.05289256198347107 0.06947890818858561
5 0.2909090909090909 0.3988833746898263 0.047933884297520664 0.0707196029776675
5 0.5231404958677686 0.40508684863523575 0.0628099173553719 0.0880893300248139
5 0.38099173553719007 0.4311414392059553 0.04628099173553719 0.07320099255583126
5 0.33884297520661155 0.5372208436724566 0.05619834710743802 0.08560794044665013
5 0.4471074380165289 0.5545905707196029 0.06611570247933884 0.09181141439205956
5 0.5727272727272728 0.5638957816377171 0.0628099173553719 0.09553349875930521
0 0.3834710743801653 0.06017369727047146 0.07933884297520662 0.08684863523573201
4 0.4975206611570248 0.06823821339950373 0.0512396694214876 0.038461538461538464
4 0.1884297520661157 0.8765508684863523 0.3768595041322314 0.24317617866004962
5 0.3338842975206612 0.10359801488833748 0.023140495867768594 0.038461538461538464
4 0.5223140495867769 0.11786600496277916 0.06611570247933884 0.05334987593052109
4 0.16859504132231404 0.1228287841191067 0.08760330578512397 0.05459057071960298