5 0.37994791666666666 0.1087962962962963 0.027083333333333334 0.05
5 0.34869791666666666 0.14537037037037037 0.035416666666666666 0.07222222222222222
5 0.271875 0.16620370370370371 0.027083333333333334 0.08611111111111111
5 0.34921875 0.3037037037037037 0.036458333333333336 0.09259259259259259
5 0.6080729166666666 0.3125 0.043229166666666666 0.06388888888888888
5 0.31484375 0.33425925925925926 0.042708333333333334 0.13518518518518519
5 0.5221354166666666 0.3648148148148148 0.04791666666666667 0.08333333333333333
5 0.27317708333333335 0.41064814814814815 0.051041666666666666 0.1574074074074074
5 0.62734375 0.42268518518518516 0.050520833333333334 0.1259259259259259
4 0.29739583333333336 0.060648148148148145 0.0515625 0.07962962962962963
5 0.9002604166666667 0.8532407407407407 0.09635416666666667 0.19166666666666668
5 0.39453125 0.8768518518518519 0.1296875 0.24444444444444444