6 0.06115702479338843 0.14392059553349876 0.08264462809917356 0.05831265508684864
4 0.5074380165289256 0.1879652605459057 0.05289256198347107 0.03598014888337469
4 0.5925619834710744 0.19727047146401985 0.05454545454545454 0.04838709677419355
5 0.27107438016528923 0.20471464019851116 0.01818181818181818 0.03225806451612903
6 0.428099173553719 0.21153846153846154 0.06776859504132231 0.05955334987593052
4 0.5504132231404959 0.22208436724565755 0.06446280991735537 0.05086848635235732
5 0.09256198347107437 0.22766749379652607 0.024793388429752067 0.038461538461538464
4 0.6214876033057851 0.25 0.07107438016528926 0.05086848635235732
5 0.030578512396694214 0.2692307692307692 0.02809917355371901 0.03970223325062035
5 0.328099173553719 0.31203473945409427 0.03966942148760331 0.06451612903225806
4 0.6528925619834711 0.3250620347394541 0.10578512396694215 0.06947890818858561
4 0.9305785123966942 0.3598014888337469 0.05454545454545454 0.02729528535980149
4 0.8355371900826446 0.47270471464019853 0.17520661157024794 0.11910669975186104
4 0.5479338842975207 0.0707196029776675 0.023140495867768594 0.016129032258064516
4 0.46033057851239667 0.11290322580645161 0.02975206611570248 0.022332506203473945