4 0.49421487603305786 0.28101736972704716 0.03140495867768595 0.02357320099255583
5 0.2785123966942149 0.31699751861042186 0.01487603305785124 0.02481389578163772
4 0.515702479338843 0.3269230769230769 0.05619834710743802 0.052109181141439205
4 0.6148760330578512 0.3542183622828784 0.05289256198347107 0.04218362282878412
4 0.7479338842975206 0.36910669975186106 0.06446280991735537 0.04590570719602978
4 0.6446280991735537 0.38337468982630274 0.07768595041322314 0.05707196029776675
4 0.47024793388429753 0.40818858560794047 0.08760330578512397 0.05955334987593052
5 0.0371900826446281 0.4174937965260546 0.026446280991735537 0.038461538461538464
4 0.4371900826446281 0.4826302729528536 0.11074380165289256 0.08560794044665013
4 0.2958677685950413 0.6011166253101737 0.17355371900826447 0.13399503722084366
4 0.21487603305785125 0.7754342431761787 0.20991735537190082 0.17493796526054592