4 0.6272727272727273 0.25620347394540943 0.023140495867768594 0.01488833746898263
4 0.5867768595041323 0.25806451612903225 0.026446280991735537 0.02729528535980149
4 0.6578512396694215 0.27791563275434245 0.03471074380165289 0.022332506203473945
4 0.6008264462809917 0.31141439205955335 0.04462809917355372 0.033498759305210915
4 0.6793388429752066 0.3232009925558313 0.03966942148760331 0.031017369727047148
4 0.5008264462809917 0.32444168734491313 0.04462809917355372 0.031017369727047148
5 0.35206611570247937 0.33002481389578164 0.01818181818181818 0.026054590570719603
4 0.6586776859504132 0.34925558312655086 0.05289256198347107 0.03598014888337469
4 0.5553719008264463 0.3535980148883375 0.05950413223140496 0.03722084367245657
4 0.5239669421487604 0.3901985111662531 0.06611570247933884 0.04590570719602978
0 0.3165289256198347 0.4150124069478908 0.19008264462809918 0.13399503722084366
4 0.43388429752066116 0.5012406947890818 0.13553719008264462 0.09057071960297766
4 0.5132231404958678 0.5818858560794045 0.16363636363636364 0.12406947890818859