4 0.8694214876033057 0.2053349875930521 0.11735537190082644 0.07444168734491315
5 0.9214876033057852 0.23076923076923078 0.03471074380165289 0.04962779156327544
5 0.9867768595041322 0.3362282878411911 0.023140495867768594 0.06699751861042183
5 0.7942148760330578 0.3548387096774194 0.05785123966942149 0.07196029776674938
5 0.15619834710743802 0.3616625310173697 0.08429752066115702 0.06327543424317618
5 0.5677685950413223 0.38089330024813894 0.07933884297520662 0.05955334987593052
5 0.9520661157024793 0.4336228287841191 0.0628099173553719 0.08684863523573201
5 0.7289256198347107 0.4441687344913151 0.047933884297520664 0.07196029776674938
5 0.7776859504132232 0.5049627791563276 0.07768595041322314 0.08933002481389578
5 0.8512396694214877 0.6191066997518611 0.09256198347107437 0.11910669975186104
0 0.4322314049586777 0.6321339950372209 0.5223140495867769 0.4627791563275434
5 0.04297520661157025 0.6389578163771712 0.08099173553719008 0.11290322580645161
5 0.7851239669421488 0.9311414392059554 0.1140495867768595 0.13647642679900746