4 0.6669421487603305 0.023140495867768594 0.03471074380165289 0.03636363636363636
5 0.30247933884297523 0.24545454545454545 0.03140495867768595 0.047933884297520664
4 0.6082644628099173 0.0256198347107438 0.03471074380165289 0.03471074380165289
5 0.6867768595041323 0.2553719008264463 0.02809917355371901 0.04628099173553719
5 0.3586776859504132 0.2553719008264463 0.03471074380165289 0.07603305785123966
5 0.5413223140495868 0.29338842975206614 0.02809917355371901 0.05289256198347107
5 0.3785123966942149 0.328099173553719 0.03966942148760331 0.05785123966942149
5 0.3239669421487603 0.33140495867768593 0.04297520661157025 0.05785123966942149
5 0.6471074380165289 0.34297520661157027 0.047933884297520664 0.06942148760330578
4 0.78099173553719 0.3859504132231405 0.1371900826446281 0.16198347107438016
5 0.1140495867768595 0.4537190082644628 0.05454545454545454 0.07768595041322314
4 0.6867768595041323 0.0652892561983471 0.0512396694214876 0.049586776859504134
5 0.8752066115702479 0.7231404958677686 0.08264462809917356 0.13553719008264462
4 0.6132231404958678 0.09256198347107437 0.0512396694214876 0.05289256198347107
5 0.7297520661157024 0.9297520661157025 0.09090909090909091 0.1371900826446281
4 0.7090909090909091 0.15289256198347106 0.07933884297520662 0.08429752066115702
5 0.3322314049586777 0.15289256198347106 0.021487603305785124 0.04628099173553719