4 0.784297520661157 0.3771712158808933 0.03801652892561983 0.022332506203473945
4 0.8396694214876033 0.3858560794044665 0.03966942148760331 0.02977667493796526
4 0.9198347107438016 0.38771712158808935 0.03636363636363636 0.02481389578163772
4 0.7867768595041322 0.44106699751861045 0.07107438016528926 0.05831265508684864
0 0.5826446280991735 0.445409429280397 0.14545454545454545 0.1141439205955335
6 0.9644628099173553 0.45843672456575685 0.07107438016528926 0.09305210918114144
5 0.8776859504132232 0.4665012406947891 0.021487603305785124 0.04218362282878412
5 0.46859504132231405 0.4813895781637717 0.03140495867768595 0.04094292803970223
5 0.643801652892562 0.5093052109181141 0.03305785123966942 0.052109181141439205
5 0.8231404958677686 0.5136476426799007 0.03636363636363636 0.05955334987593052
5 0.715702479338843 0.5676178660049628 0.03471074380165289 0.04590570719602978
4 0.5578512396694215 0.609181141439206 0.18016528925619835 0.14516129032258066
5 0.9578512396694215 0.7121588089330024 0.05950413223140496 0.07816377171215881