4 0.2694214876033058 0.22231404958677686 0.09256198347107437 0.08760330578512397
4 0.5636363636363636 0.22396694214876034 0.09256198347107437 0.10743801652892562
5 0.42479338842975206 0.40578512396694216 0.04462809917355372 0.0859504132231405
4 0.5198347107438016 0.045454545454545456 0.03471074380165289 0.03305785123966942
5 0.48760330578512395 0.5305785123966942 0.05619834710743802 0.1024793388429752
5 0.31322314049586775 0.5330578512396694 0.047933884297520664 0.09586776859504133
5 0.16115702479338842 0.6396694214876033 0.06611570247933884 0.1206611570247934
4 0.32727272727272727 0.06776859504132231 0.04628099173553719 0.04297520661157025
4 0.5322314049586777 0.09090909090909091 0.05619834710743802 0.05619834710743802
5 0.5504132231404959 0.9206611570247933 0.10578512396694215 0.15537190082644628
5 0.44297520661157025 0.1231404958677686 0.03305785123966942 0.03966942148760331
4 0.3239669421487603 0.12396694214876033 0.0628099173553719 0.05785123966942149