4 0.31157024793388427 0.14205955334987594 0.0628099173553719 0.04590570719602978
4 0.2049586776859504 0.1705955334987593 0.07933884297520662 0.062034739454094295
4 0.49669421487603305 0.19975186104218362 0.0859504132231405 0.062034739454094295
4 0.11487603305785124 0.21712158808933002 0.0859504132231405 0.06327543424317618
5 0.4446280991735537 0.22952853598014888 0.03140495867768595 0.062034739454094295
4 0.20165289256198346 0.25620347394540943 0.14214876033057852 0.10669975186104218
5 0.4322314049586777 0.31265508684863524 0.03636363636363636 0.04962779156327544
5 0.1115702479338843 0.3616625310173697 0.0512396694214876 0.062034739454094295
5 0.26776859504132233 0.37965260545905705 0.05785123966942149 0.07444168734491315
5 0.6479338842975206 0.391439205955335 0.05289256198347107 0.07444168734491315
5 0.384297520661157 0.4044665012406948 0.05454545454545454 0.0707196029776675
5 0.45289256198347105 0.412531017369727 0.07107438016528926 0.09429280397022333
5 0.571900826446281 0.4292803970223325 0.06942148760330578 0.07320099255583126
5 0.1537190082644628 0.45781637717121587 0.07107438016528926 0.08312655086848635
5 0.46611570247933887 0.5390818858560794 0.06115702479338843 0.09305210918114144
5 0.5785123966942148 0.5856079404466501 0.08099173553719008 0.11290322580645161
5 0.7214876033057851 0.6308933002481389 0.07933884297520662 0.11290322580645161
4 0.26776859504132233 0.6730769230769231 0.32066115702479336 0.3014888337468983
5 0.643801652892562 0.761166253101737 0.09586776859504133 0.14392059553349876