4 0.41074380165289254 0.29962779156327546 0.10909090909090909 0.07320099255583126
4 0.5661157024793388 0.31203473945409427 0.10413223140495868 0.0707196029776675
5 0.6115702479338843 0.358560794044665 0.04628099173553719 0.05459057071960298
5 0.7297520661157024 0.3641439205955335 0.05289256198347107 0.07196029776674938
5 0.5024793388429752 0.3790322580645161 0.03636363636363636 0.06575682382133995
5 0.6867768595041323 0.3815136476426799 0.047933884297520664 0.08312655086848635
4 0.8272727272727273 0.40012406947890816 0.16363636363636364 0.13027295285359802
4 0.37355371900826445 0.413151364764268 0.17520661157024794 0.13399503722084366
5 0.20991735537190082 0.43610421836228286 0.06611570247933884 0.0794044665012407
5 0.02727272727272727 0.4993796526054591 0.05454545454545454 0.07320099255583126
5 0.6834710743801653 0.5248138957816377 0.07768595041322314 0.08312655086848635
5 0.4727272727272727 0.5403225806451613 0.07272727272727272 0.0707196029776675
5 0.9611570247933884 0.56575682382134 0.07272727272727272 0.07444168734491315
4 0.5024793388429752 0.6668734491315137 0.2611570247933884 0.18362282878411912
4 0.07933884297520662 0.6867245657568238 0.15867768595041323 0.184863523573201
5 0.7900826446280992 0.7301488833746899 0.08760330578512397 0.11910669975186104
4 0.28512396694214875 0.8529776674937966 0.3305785123966942 0.24689826302729528
5 0.9446280991735537 0.8808933002481389 0.09752066115702479 0.12406947890818859