4 0.6682291666666667 0.2689814814814815 0.041666666666666664 0.05
4 0.8106770833333333 0.29907407407407405 0.06354166666666666 0.09537037037037037
4 0.28020833333333334 0.3087962962962963 0.1140625 0.13148148148148148
5 0.5143229166666666 0.32083333333333336 0.03333333333333333 0.08518518518518518
4 0.178125 0.32222222222222224 0.12864583333333332 0.14814814814814814
4 0.06588541666666667 0.325 0.12708333333333333 0.22037037037037038
5 0.45260416666666664 0.3435185185185185 0.04010416666666667 0.09814814814814815
5 0.73984375 0.37037037037037035 0.025520833333333333 0.06388888888888888
5 0.31875 0.37175925925925923 0.0453125 0.11296296296296296
5 0.3614583333333333 0.4 0.04739583333333333 0.11851851851851852
4 0.81484375 0.4013888888888889 0.07083333333333333 0.12222222222222222