5 0.2981770833333333 0.11898148148148148 0.017708333333333333 0.06574074074074074
5 0.3963541666666667 0.12129629629629629 0.021354166666666667 0.04259259259259259
5 0.265625 0.13518518518518519 0.025 0.07037037037037037
5 0.4161458333333333 0.17592592592592593 0.0234375 0.044444444444444446
5 0.6291666666666667 0.24212962962962964 0.03854166666666667 0.05277777777777778
5 0.46458333333333335 0.29444444444444445 0.0453125 0.1111111111111111
5 0.5072916666666667 0.4949074074074074 0.05572916666666667 0.17407407407407408
5 0.5947916666666667 0.5120370370370371 0.053125 0.14814814814814814
5 0.6859375 0.5694444444444444 0.058333333333333334 0.15185185185185185
5 0.2421875 0.06018518518518518 0.019791666666666666 0.05
5 0.7341145833333333 0.7944444444444444 0.09739583333333333 0.20833333333333334
4 0.35052083333333334 0.0824074074074074 0.050520833333333334 0.06111111111111111