4 0.6041322314049586 0.1792803970223325 0.05454545454545454 0.04590570719602978
4 0.32727272727272727 0.19044665012406947 0.06776859504132231 0.04838709677419355
4 0.07768595041322314 0.20905707196029777 0.12231404958677686 0.05459057071960298
5 0.5363636363636364 0.22518610421836227 0.02809917355371901 0.034739454094292806
5 0.30330578512396694 0.23014888337468983 0.03305785123966942 0.05459057071960298
5 0.22148760330578512 0.2313895781637717 0.024793388429752067 0.04838709677419355
4 0.6272727272727273 0.2326302729528536 0.08264462809917356 0.06575682382133995
0 0.4446280991735537 0.23635235732009927 0.12727272727272726 0.15632754342431762
5 0.06363636363636363 0.3058312655086849 0.05454545454545454 0.05334987593052109
4 0.6958677685950413 0.3746898263027295 0.13553719008264462 0.12158808933002481
5 0.1925619834710744 0.38523573200992556 0.05785123966942149 0.06823821339950373
5 0.5867768595041323 0.4274193548387097 0.04297520661157025 0.06575682382133995
4 0.030578512396694214 0.4292803970223325 0.06115702479338843 0.12406947890818859
5 0.24545454545454545 0.4851116625310174 0.05619834710743802 0.07568238213399504
4 0.44958677685950416 0.5024813895781638 0.1933884297520661 0.21215880893300249
5 0.30330578512396694 0.5192307692307693 0.05950413223140496 0.07816377171215881
5 0.10909090909090909 0.5781637717121588 0.08099173553719008 0.10173697270471464
5 0.8165289256198347 0.7301488833746899 0.08760330578512397 0.12779156327543426
4 0.6586776859504132 0.8790322580645161 0.3371900826446281 0.23573200992555832
4 0.5173553719008265 0.11538461538461539 0.03636363636363636 0.033498759305210915
4 0.5834710743801653 0.12158808933002481 0.04628099173553719 0.033498759305210915