5 0.396875 0.11944444444444445 0.022395833333333334 0.05277777777777778
5 0.28020833333333334 0.1287037037037037 0.030729166666666665 0.07592592592592592
5 0.31276041666666665 0.13703703703703704 0.026041666666666668 0.07407407407407407
5 0.3536458333333333 0.1550925925925926 0.022916666666666665 0.05092592592592592
5 0.24609375 0.15555555555555556 0.019791666666666666 0.07407407407407407
4 0.34036458333333336 0.02175925925925926 0.027604166666666666 0.02962962962962963
5 0.44479166666666664 0.2375 0.0265625 0.08518518518518518
5 0.4895833333333333 0.2833333333333333 0.028645833333333332 0.06296296296296296
5 0.28072916666666664 0.30277777777777776 0.0421875 0.16018518518518518
5 0.60625 0.425 0.04739583333333333 0.12129629629629629
0 0.4427083333333333 0.49027777777777776 0.1640625 0.32314814814814813