5 0.4115702479338843 0.20082644628099172 0.05289256198347107 0.06611570247933884
5 0.21983471074380165 0.2322314049586777 0.03966942148760331 0.06776859504132231
5 0.05785123966942149 0.2512396694214876 0.04132231404958678 0.06611570247933884
6 0.6099173553719008 0.30165289256198347 0.16198347107438016 0.2578512396694215
5 0.18677685950413223 0.3330578512396694 0.05289256198347107 0.07603305785123966
5 0.09752066115702479 0.35454545454545455 0.04462809917355372 0.07933884297520662
5 0.2462809917355372 0.045454545454545456 0.021487603305785124 0.03966942148760331
6 0.36363636363636365 0.46859504132231405 0.21322314049586777 0.4859504132231405
5 0.03140495867768595 0.484297520661157 0.0628099173553719 0.11074380165289256
5 0.27768595041322314 0.05206611570247934 0.024793388429752067 0.03471074380165289
5 0.17603305785123968 0.5677685950413223 0.06776859504132231 0.12231404958677686
4 0.7669421487603306 0.7024793388429752 0.30247933884297523 0.46115702479338844
4 0.5685950413223141 0.11983471074380166 0.09256198347107437 0.1256198347107438
4 0.24793388429752067 0.1231404958677686 0.08760330578512397 0.09752066115702479
5 0.45950413223140496 0.14214876033057852 0.03471074380165289 0.07603305785123966
5 0.1371900826446281 0.14297520661157026 0.026446280991735537 0.04297520661157025
5 0.4636363636363636 0.15702479338842976 0.02975206611570248 0.04628099173553719