5 0.2206611570247934 0.12903225806451613 0.021487603305785124 0.03598014888337469
4 0.7702479338842976 0.1315136476426799 0.06942148760330578 0.04714640198511166
5 0.3082644628099174 0.1315136476426799 0.026446280991735537 0.028535980148883373
5 0.11735537190082644 0.23076923076923078 0.03801652892561983 0.04962779156327544
5 0.03966942148760331 0.24813895781637718 0.04297520661157025 0.04466501240694789
4 0.7942148760330578 0.26240694789081886 0.11074380165289256 0.08188585607940446
5 0.3256198347107438 0.29962779156327546 0.0512396694214876 0.05334987593052109
4 0.8206611570247934 0.033498759305210915 0.03140495867768595 0.022332506203473945
4 0.715702479338843 0.03598014888337469 0.02975206611570248 0.022332506203473945
4 0.596694214876033 0.5403225806451613 0.2049586776859504 0.23200992555831265
4 0.6785123966942149 0.08064516129032258 0.04297520661157025 0.04094292803970223
5 0.3495867768595041 0.11538461538461539 0.024793388429752067 0.031017369727047148
5 0.3082644628099174 0.11786600496277916 0.026446280991735537 0.04466501240694789