4 0.7024793388429752 0.1271712158808933 0.03471074380165289 0.02729528535980149
4 0.6545454545454545 0.13895781637717122 0.04132231404958678 0.03225806451612903
4 0.6801652892561983 0.15260545905707196 0.05454545454545454 0.034739454094292806
5 0.540495867768595 0.21650124069478907 0.024793388429752067 0.043424317617866005
4 0.8925619834710744 0.2704714640198511 0.10082644628099173 0.05831265508684864
5 0.2793388429752066 0.28225806451612906 0.03966942148760331 0.05955334987593052
4 0.8008264462809918 0.3610421836228288 0.1322314049586777 0.08560794044665013
5 0.16776859504132233 0.38461538461538464 0.05289256198347107 0.05831265508684864
5 0.23140495867768596 0.45409429280397023 0.06611570247933884 0.06575682382133995
5 0.6586776859504132 0.4621588089330025 0.06115702479338843 0.062034739454094295
5 0.06115702479338843 0.6495037220843672 0.0743801652892562 0.09305210918114144
4 0.6305785123966943 0.06761786600496278 0.023140495867768594 0.018610421836228287
6 0.2768595041322314 0.11476426799007444 0.06115702479338843 0.05583126550868486
5 0.5198347107438016 0.1228287841191067 0.013223140495867768 0.022332506203473945