0 0.4049586776859504 0.34739454094292804 0.12231404958677686 0.11786600496277916
4 0.1305785123966942 0.3933002481389578 0.10909090909090909 0.07320099255583126
4 0.6421487603305785 0.4218362282878412 0.11074380165289256 0.08188585607940446
4 0.3512396694214876 0.42431761786600497 0.10578512396694215 0.06699751861042183
5 0.23057851239669422 0.43424317617866004 0.04297520661157025 0.062034739454094295
4 0.46859504132231405 0.4472704714640198 0.11735537190082644 0.09925558312655088
4 0.8305785123966942 0.47890818858560796 0.13884297520661157 0.10297766749379653
5 0.6024793388429752 0.49317617866004965 0.047933884297520664 0.08684863523573201
5 0.2818181818181818 0.5055831265508685 0.05454545454545454 0.07568238213399504
5 0.16859504132231404 0.5062034739454094 0.047933884297520664 0.05459057071960298
5 0.48677685950413224 0.5303970223325062 0.05619834710743802 0.060794044665012405
4 0.3528925619834711 0.5483870967741935 0.14710743801652892 0.10669975186104218
4 0.8975206611570248 0.5620347394540943 0.1768595041322314 0.1401985111662531
4 0.1140495867768595 0.6011166253101737 0.19173553719008266 0.12406947890818859
4 0.5991735537190083 0.6339950372208437 0.15537190082644628 0.16501240694789082
4 0.9586776859504132 0.7599255583126551 0.08264462809917356 0.17245657568238212
4 0.14710743801652892 0.825682382133995 0.2809917355371901 0.19851116625310175