4 0.8252604166666667 0.21898148148148147 0.030208333333333334 0.03888888888888889
5 0.6911458333333333 0.2763888888888889 0.019270833333333334 0.05185185185185185
4 0.6231770833333333 0.30185185185185187 0.057291666666666664 0.08148148148148149
5 0.6684895833333333 0.3106481481481482 0.020833333333333332 0.06481481481481481
4 0.821875 0.33611111111111114 0.06145833333333333 0.09722222222222222
4 0.7229166666666667 0.3435185185185185 0.0796875 0.1111111111111111
6 0.5690104166666666 0.43333333333333335 0.13020833333333334 0.25833333333333336
4 0.8046875 0.5328703703703703 0.128125 0.24537037037037038
5 0.6684895833333333 0.5861111111111111 0.049479166666666664 0.16666666666666666
5 0.35520833333333335 0.7152777777777778 0.07447916666666667 0.15648148148148147
5 0.5463541666666667 0.7199074074074074 0.06302083333333333 0.18425925925925926