5 0.8033057851239669 0.13213399503722084 0.02809917355371901 0.04838709677419355
4 0.9578512396694215 0.1327543424317618 0.08264462809917356 0.06699751861042183
5 0.8702479338842976 0.17990074441687345 0.047933884297520664 0.060794044665012405
5 0.9818181818181818 0.24937965260545905 0.03636363636363636 0.05459057071960298
5 0.7950413223140496 0.27667493796526055 0.04462809917355372 0.05334987593052109
0 0.4834710743801653 0.3213399503722084 0.4578512396694215 0.40074441687344914
4 0.8768595041322315 0.3294044665012407 0.1669421487603306 0.14267990074441686
5 0.9520661157024793 0.7121588089330024 0.09421487603305785 0.12034739454094293
4 0.8314049586776859 0.08064516129032258 0.06446280991735537 0.04714640198511166
5 0.7024793388429752 0.0967741935483871 0.023140495867768594 0.03970223325062035
4 0.5305785123966942 0.12344913151364764 0.11239669421487604 0.05334987593052109