5 0.3181818181818182 0.14764267990074442 0.021487603305785124 0.033498759305210915
5 0.11652892561983472 0.1662531017369727 0.021487603305785124 0.03225806451612903
6 0.8355371900826446 0.2990074441687345 0.2 0.12903225806451613
5 0.1206611570247934 0.31699751861042186 0.047933884297520664 0.04838709677419355
4 0.484297520661157 0.3455334987593052 0.12231404958677686 0.0967741935483871
6 0.5247933884297521 0.052109181141439205 0.02975206611570248 0.022332506203473945
4 0.768595041322314 0.5781637717121588 0.2578512396694215 0.22580645161290322
4 0.44297520661157025 0.07444168734491315 0.03305785123966942 0.019851116625310174
4 0.5396694214876033 0.08995037220843673 0.03471074380165289 0.026054590570719603
5 0.25041322314049586 0.10297766749379653 0.013223140495867768 0.02357320099255583
5 0.1537190082644628 0.12096774193548387 0.01652892561983471 0.028535980148883373