5 0.9892561983471074 0.4813895781637717 0.021487603305785124 0.05334987593052109
5 0.7933884297520661 0.4820099255583127 0.0512396694214876 0.04714640198511166
5 0.9892561983471074 0.49317617866004965 0.01818181818181818 0.033498759305210915
4 0.6570247933884298 0.5682382133995038 0.22479338842975208 0.09305210918114144
5 0.7760330578512397 0.5874689826302729 0.07768595041322314 0.06451612903225806
5 0.6570247933884298 0.6619106699751861 0.09421487603305785 0.07692307692307693
5 0.7768595041322314 0.674937965260546 0.10082644628099173 0.10297766749379653
4 0.9363636363636364 0.7574441687344913 0.12396694214876033 0.20471464019851116
5 0.0743801652892562 0.7859801488833746 0.14214876033057852 0.10297766749379653
5 0.3694214876033058 0.7965260545905707 0.16033057851239668 0.10794044665012408
5 0.47851239669421486 0.8523573200992556 0.15702479338842976 0.12903225806451613
5 0.12644628099173555 0.9125310173697271 0.2462809917355372 0.17245657568238212