4 0.8111979166666666 0.2972222222222222 0.06145833333333333 0.09722222222222222
4 0.2786458333333333 0.3101851851851852 0.1171875 0.13333333333333333
4 0.18307291666666667 0.31851851851851853 0.11666666666666667 0.1388888888888889
4 0.06614583333333333 0.32222222222222224 0.1296875 0.22407407407407406
5 0.46145833333333336 0.33611111111111114 0.03697916666666667 0.08333333333333333
5 0.14505208333333333 0.39537037037037037 0.0671875 0.17407407407407408
5 0.67890625 0.3962962962962963 0.0234375 0.05092592592592592
5 0.625 0.4097222222222222 0.030208333333333334 0.07314814814814814
4 0.8098958333333334 0.42407407407407405 0.0859375 0.14074074074074075
5 0.5044270833333333 0.5083333333333333 0.03854166666666667 0.08148148148148149
5 0.378125 0.5449074074074074 0.053125 0.11666666666666667
5 0.6346354166666667 0.5671296296296297 0.046875 0.11944444444444445
5 0.30807291666666664 0.7694444444444445 0.08333333333333333 0.18888888888888888