4 0.7403645833333333 0.1699074074074074 0.020833333333333332 0.02962962962962963
4 0.6791666666666667 0.21481481481481482 0.04739583333333333 0.05925925925925926
4 0.6700520833333333 0.3125 0.0625 0.08981481481481482
4 0.8213541666666667 0.3296296296296296 0.0625 0.07777777777777778
4 0.8205729166666667 0.3888888888888889 0.0640625 0.06018518518518518
4 0.490625 0.43425925925925923 0.13854166666666667 0.18333333333333332
5 0.57734375 0.4462962962962963 0.033854166666666664 0.10462962962962963
5 0.6864583333333333 0.49074074074074076 0.028125 0.10555555555555556
4 0.8028645833333333 0.5300925925925926 0.12447916666666667 0.25092592592592594
5 0.08776041666666666 0.7384259259259259 0.018229166666666668 0.03611111111111111
5 0.6299479166666667 0.7981481481481482 0.06614583333333333 0.21574074074074073
5 0.5015625 0.8041666666666667 0.08802083333333334 0.2