5 0.371900826446281 0.12468982630272953 0.01652892561983471 0.02977667493796526
5 0.2694214876033058 0.15446650124069478 0.02809917355371901 0.04590570719602978
5 0.18925619834710744 0.15508684863523572 0.026446280991735537 0.04466501240694789
5 0.4578512396694215 0.17866004962779156 0.03140495867768595 0.04218362282878412
6 0.471900826446281 0.020471464019851116 0.05619834710743802 0.033498759305210915
5 0.04049586776859504 0.2679900744416873 0.05785123966942149 0.06575682382133995
4 0.8520661157024794 0.336848635235732 0.13884297520661157 0.11538461538461539
4 0.7884297520661157 0.06327543424317618 0.04297520661157025 0.031017369727047148
4 0.8785123966942149 0.6476426799007444 0.2396694214876033 0.3399503722084367
4 0.515702479338843 0.8790322580645161 0.34710743801652894 0.2369727047146402
5 0.34710743801652894 0.11104218362282878 0.01818181818181818 0.028535980148883373