4 0.6807291666666667 0.2199074074074074 0.03802083333333333 0.046296296296296294
4 0.8135416666666667 0.27870370370370373 0.049479166666666664 0.037037037037037035
4 0.8161458333333333 0.33194444444444443 0.06927083333333334 0.08333333333333333
5 0.5908854166666667 0.3787037037037037 0.0296875 0.07592592592592592
5 0.6348958333333333 0.43425925925925923 0.03177083333333333 0.08055555555555556
4 0.80390625 0.4615740740740741 0.09010416666666667 0.16944444444444445
5 0.48072916666666665 0.5166666666666667 0.04635416666666667 0.12037037037037036
5 0.5346354166666667 0.5550925925925926 0.053125 0.11388888888888889
5 0.38984375 0.6555555555555556 0.07604166666666666 0.13425925925925927
5 0.6622395833333333 0.6671296296296296 0.04739583333333333 0.12962962962962962
4 0.159375 0.9106481481481481 0.28229166666666666 0.17685185185185184