0 0.6553719008264463 0.1346153846153846 0.20826446280991737 0.2655086848635236
4 0.38016528925619836 0.1687344913151365 0.11900826446280992 0.09429280397022333
4 0.3371900826446281 0.33436724565756826 0.2066115702479339 0.18114143920595532
0 0.7421487603305785 0.3641439205955335 0.31900826446280994 0.45285359801488834
5 0.18181818181818182 0.4869727047146402 0.08429752066115702 0.09429280397022333
5 0.18925619834710744 0.6346153846153846 0.0743801652892562 0.1315136476426799
5 0.33801652892561984 0.674317617866005 0.10082644628099173 0.1488833746898263
5 0.49586776859504134 0.07692307692307693 0.04132231404958678 0.05086848635235732
5 0.9 0.7859801488833746 0.11570247933884298 0.17121588089330025
5 0.7024793388429752 0.8598014888337469 0.10909090909090909 0.16377171215880892
5 0.531404958677686 0.955955334987593 0.15206611570247933 0.08436724565756824
4 0.8859504132231405 0.11290322580645161 0.13553719008264462 0.1054590570719603