4 0.2799479166666667 0.29212962962962963 0.11354166666666667 0.09444444444444444
4 0.81015625 0.2967592592592593 0.06354166666666666 0.10092592592592593
4 0.17942708333333332 0.32037037037037036 0.128125 0.14907407407407408
4 0.06588541666666667 0.3212962962962963 0.12916666666666668 0.22407407407407406
5 0.3841145833333333 0.3453703703703704 0.04375 0.10648148148148148
5 0.6825520833333333 0.387037037037037 0.028125 0.09259259259259259
5 0.6434895833333333 0.4166666666666667 0.030729166666666665 0.0962962962962963
4 0.26328125 0.4212962962962963 0.19635416666666666 0.19537037037037036
4 0.8138020833333334 0.4236111111111111 0.08489583333333334 0.13518518518518519
5 0.4200520833333333 0.513425925925926 0.06354166666666666 0.14166666666666666
5 0.6075520833333333 0.5171296296296296 0.04479166666666667 0.13055555555555556
5 0.3690104166666667 0.8736111111111111 0.1203125 0.25092592592592594