4 0.5223140495867769 0.20578512396694215 0.07933884297520662 0.08760330578512397
5 0.41818181818181815 0.21074380165289255 0.02975206611570248 0.03636363636363636
4 0.6495867768595042 0.21239669421487603 0.0859504132231405 0.10413223140495868
5 0.3611570247933884 0.22644628099173553 0.023140495867768594 0.04628099173553719
5 0.2 0.26859504132231404 0.03140495867768595 0.0512396694214876
5 0.45867768595041325 0.29421487603305785 0.03305785123966942 0.06942148760330578
5 0.3066115702479339 0.328099173553719 0.03305785123966942 0.05619834710743802
5 0.15867768595041323 0.3834710743801653 0.05289256198347107 0.06446280991735537
4 0.7132231404958678 0.3925619834710744 0.1371900826446281 0.16859504132231404
5 0.33553719008264465 0.40165289256198344 0.04132231404958678 0.06942148760330578
5 0.5991735537190083 0.4140495867768595 0.03966942148760331 0.07933884297520662
5 0.4033057851239669 0.42727272727272725 0.04628099173553719 0.07272727272727272
4 0.49504132231404957 0.049586776859504134 0.024793388429752067 0.021487603305785124
5 0.15702479338842976 0.5066115702479339 0.05950413223140496 0.0859504132231405
4 0.5107438016528926 0.515702479338843 0.15041322314049588 0.20826446280991737
5 0.30165289256198347 0.5347107438016528 0.05454545454545454 0.1024793388429752
4 0.5975206611570248 0.05454545454545454 0.02809917355371901 0.024793388429752067
5 0.2619834710743802 0.7760330578512397 0.06611570247933884 0.12396694214876033
0 0.859504132231405 0.828099173553719 0.2809917355371901 0.343801652892562
5 0.6 0.09669421487603305 0.019834710743801654 0.03801652892561983
5 0.4636363636363636 0.16033057851239668 0.03305785123966942 0.03801652892561983