0 0.6925619834710743 0.3964019851116625 0.04132231404958678 0.03970223325062035
4 0.39173553719008264 0.5800248138957816 0.10743801652892562 0.05831265508684864
4 0.8694214876033057 0.6116625310173698 0.11735537190082644 0.07444168734491315
5 0.9710743801652892 0.642059553349876 0.04132231404958678 0.0707196029776675
0 0.4677685950413223 0.6668734491315137 0.22975206611570248 0.19727047146401985
5 0.684297520661157 0.6681141439205955 0.047933884297520664 0.06575682382133995
5 0.26611570247933886 0.7227047146401985 0.06115702479338843 0.06575682382133995
5 0.13388429752066117 0.7233250620347395 0.05619834710743802 0.08188585607940446
5 0.8107438016528926 0.7332506203473945 0.06115702479338843 0.07816377171215881
5 0.7074380165289256 0.7952853598014888 0.06611570247933884 0.07568238213399504
4 0.9165289256198347 0.8238213399503722 0.16363636363636364 0.16129032258064516
4 0.30165289256198347 0.8343672456575683 0.2066115702479339 0.13399503722084366
4 0.4049586776859504 0.8995037220843672 0.2611570247933884 0.19851116625310175
5 0.9743801652892562 0.9367245657568238 0.0512396694214876 0.10421836228287841
5 0.9314049586776859 0.9633995037220844 0.0743801652892562 0.0707196029776675