4 0.7408854166666666 0.16898148148148148 0.019270833333333334 0.027777777777777776
4 0.8236979166666667 0.2449074074074074 0.03177083333333333 0.03425925925925926
5 0.7700520833333333 0.2550925925925926 0.015625 0.046296296296296294
5 0.6971354166666667 0.2759259259259259 0.013020833333333334 0.041666666666666664
4 0.81171875 0.3074074074074074 0.05520833333333333 0.06111111111111111
4 0.8145833333333333 0.3337962962962963 0.06875 0.0787037037037037
5 0.6309895833333333 0.35462962962962963 0.0265625 0.06481481481481481
4 0.51328125 0.39166666666666666 0.11041666666666666 0.12685185185185185
4 0.8033854166666666 0.45740740740740743 0.08958333333333333 0.1712962962962963
5 0.6997395833333333 0.5361111111111111 0.035416666666666666 0.07037037037037037
5 0.6479166666666667 0.5458333333333333 0.04739583333333333 0.09537037037037037
4 0.484375 0.5578703703703703 0.1875 0.25925925925925924