4 0.6297520661157024 0.14826302729528537 0.023140495867768594 0.01488833746898263
4 0.6479338842975206 0.20099255583126552 0.03471074380165289 0.026054590570719603
5 0.3512396694214876 0.2326302729528536 0.023140495867768594 0.02977667493796526
4 0.2537190082644628 0.2760545905707196 0.07768595041322314 0.05334987593052109
4 0.5809917355371901 0.2859801488833747 0.07107438016528926 0.05707196029776675
5 0.42727272727272725 0.326302729528536 0.03140495867768595 0.04094292803970223
5 0.08429752066115702 0.3281637717121588 0.02809917355371901 0.04590570719602978
5 0.012396694214876033 0.3858560794044665 0.023140495867768594 0.06575682382133995
6 0.8826446280991735 0.4205955334987593 0.17355371900826447 0.1774193548387097
5 0.032231404958677684 0.5614143920595533 0.06446280991735537 0.08312655086848635
5 0.32066115702479336 0.7679900744416873 0.07603305785123966 0.11662531017369727