4 0.35537190082644626 0.2518610421836228 0.07768595041322314 0.0707196029776675
4 0.21818181818181817 0.2518610421836228 0.05785123966942149 0.04218362282878412
4 0.4669421487603306 0.2543424317617866 0.07933884297520662 0.062034739454094295
5 0.7578512396694215 0.36786600496277916 0.047933884297520664 0.04838709677419355
5 0.3793388429752066 0.4044665012406948 0.04297520661157025 0.06947890818858561
5 0.1206611570247934 0.40818858560794047 0.04132231404958678 0.04838709677419355
4 0.21983471074380165 0.41997518610421836 0.14049586776859505 0.10049627791563276
5 0.5735537190082645 0.45471464019851116 0.05454545454545454 0.0794044665012407
5 0.3330578512396694 0.45843672456575685 0.05454545454545454 0.07568238213399504
5 0.043801652892561986 0.46774193548387094 0.05619834710743802 0.06451612903225806
5 0.4487603305785124 0.47270471464019853 0.06115702479338843 0.11042183622828784
4 0.8239669421487603 0.5279156327543424 0.1933884297520661 0.141439205955335
5 0.6264462809917355 0.532258064516129 0.07107438016528926 0.0794044665012407
5 0.1322314049586777 0.5688585607940446 0.06446280991735537 0.06327543424317618
5 0.3586776859504132 0.6035980148883374 0.07272727272727272 0.09553349875930521
5 0.26611570247933886 0.6830024813895782 0.0628099173553719 0.10173697270471464
4 0.08429752066115702 0.728287841191067 0.1669421487603306 0.31265508684863524
4 0.8231404958677686 0.738833746898263 0.3504132231404959 0.303970223325062
5 0.4396694214876033 0.7630272952853598 0.08264462809917356 0.12034739454094293
5 0.32231404958677684 0.9181141439205955 0.13388429752066117 0.14516129032258066