4 0.4090909090909091 0.21570247933884298 0.03801652892561983 0.04132231404958678
4 0.3413223140495868 0.2545454545454545 0.049586776859504134 0.05619834710743802
4 0.21735537190082643 0.31074380165289256 0.07933884297520662 0.08099173553719008
4 0.4479338842975207 0.3148760330578512 0.06611570247933884 0.07107438016528926
5 0.15867768595041323 0.36363636363636365 0.03140495867768595 0.06446280991735537
5 0.4371900826446281 0.4380165289256198 0.03636363636363636 0.07603305785123966
5 0.07768595041322314 0.45206611570247934 0.047933884297520664 0.07272727272727272
4 0.21074380165289255 0.49504132231404957 0.15702479338842976 0.18016528925619835
5 0.023966942148760332 0.5305785123966942 0.04628099173553719 0.07768595041322314
6 0.584297520661157 0.5702479338842975 0.22479338842975208 0.3504132231404959
5 0.3487603305785124 0.7603305785123967 0.0628099173553719 0.11570247933884298