4 0.740625 0.1699074074074074 0.019791666666666666 0.02962962962962963
4 0.6802083333333333 0.2152777777777778 0.04791666666666667 0.058333333333333334
4 0.8197916666666667 0.23287037037037037 0.03177083333333333 0.03148148148148148
4 0.8208333333333333 0.32546296296296295 0.059375 0.06759259259259259
5 0.7481770833333333 0.37824074074074077 0.021875 0.05
4 0.8205729166666667 0.38935185185185184 0.0640625 0.058333333333333334
4 0.6075520833333333 0.4074074074074074 0.0921875 0.14351851851851852
5 0.6877604166666667 0.4476851851851852 0.03229166666666667 0.05925925925925926
4 0.45026041666666666 0.47638888888888886 0.15989583333333332 0.21203703703703702
4 0.8026041666666667 0.5310185185185186 0.12447916666666667 0.25
5 0.42526041666666664 0.6671296296296296 0.065625 0.13425925925925927
5 0.1828125 0.7675925925925926 0.09895833333333333 0.14074074074074075