5 0.9619834710743802 0.2487593052109181 0.04132231404958678 0.04094292803970223
5 0.7917355371900826 0.29156327543424315 0.0512396694214876 0.04094292803970223
5 0.8735537190082645 0.31203473945409427 0.06115702479338843 0.05707196029776675
5 0.11735537190082644 0.31203473945409427 0.07933884297520662 0.04466501240694789
5 0.7214876033057851 0.3281637717121588 0.06446280991735537 0.05707196029776675
5 0.5140495867768595 0.3411910669975186 0.07272727272727272 0.05334987593052109
4 0.971900826446281 0.3411910669975186 0.05454545454545454 0.07568238213399504
5 0.6239669421487604 0.3759305210918114 0.0743801652892562 0.06575682382133995
5 0.8371900826446281 0.3815136476426799 0.05785123966942149 0.05707196029776675
5 0.3834710743801653 0.3920595533498759 0.09090909090909091 0.062034739454094295
5 0.7652892561983471 0.4683622828784119 0.07272727272727272 0.05955334987593052
4 0.34710743801652894 0.5241935483870968 0.3867768595041322 0.18362282878411912
6 0.515702479338843 0.7444168734491315 0.8314049586776859 0.511166253101737