4 0.759504132231405 0.32231404958677684 0.05619834710743802 0.049586776859504134
4 0.34710743801652894 0.39008264462809916 0.1024793388429752 0.05785123966942149
5 0.7785123966942149 0.43140495867768597 0.024793388429752067 0.0512396694214876
0 0.5694214876033058 0.43471074380165287 0.1834710743801653 0.21652892561983472
5 0.8256198347107438 0.4578512396694215 0.03636363636363636 0.06942148760330578
5 0.7066115702479339 0.4859504132231405 0.03801652892561983 0.06776859504132231
5 0.31074380165289256 0.503305785123967 0.03305785123966942 0.04462809917355372
5 0.3669421487603306 0.528099173553719 0.03966942148760331 0.0628099173553719
5 0.8851239669421488 0.5371900826446281 0.03966942148760331 0.07107438016528926
5 0.7148760330578512 0.6256198347107438 0.04628099173553719 0.08099173553719008
5 0.3256198347107438 0.731404958677686 0.06611570247933884 0.09752066115702479
5 0.7041322314049587 0.7421487603305785 0.05289256198347107 0.09752066115702479
4 0.9305785123966942 0.759504132231405 0.13553719008264462 0.2859504132231405
5 0.08429752066115702 0.7884297520661157 0.0743801652892562 0.10909090909090909
5 0.44214876033057854 0.9223140495867769 0.08429752066115702 0.15206611570247933