4 0.8586776859504133 0.4646401985111663 0.07272727272727272 0.06575682382133995
4 0.8231404958677686 0.5521091811414393 0.05950413223140496 0.08064516129032258
4 0.48760330578512395 0.5626550868486352 0.1256198347107438 0.08560794044665013
5 0.2644628099173554 0.5911910669975186 0.04132231404958678 0.07692307692307693
4 0.9066115702479339 0.6073200992555832 0.14710743801652892 0.0967741935483871
5 0.1743801652892562 0.6290322580645161 0.05454545454545454 0.07816377171215881
5 0.0603305785123967 0.6364764267990074 0.047933884297520664 0.05583126550868486
5 0.7 0.663151364764268 0.05619834710743802 0.06947890818858561
4 0.36198347107438017 0.6712158808933002 0.16859504132231404 0.11166253101736973
5 0.8173553719008264 0.6854838709677419 0.0628099173553719 0.10049627791563276
5 0.03553719008264463 0.6954094292803971 0.06446280991735537 0.07568238213399504
5 0.596694214876033 0.705955334987593 0.05785123966942149 0.10049627791563276
4 0.9297520661157025 0.7196029776674938 0.14049586776859505 0.15508684863523572
5 0.9305785123966942 0.7890818858560794 0.07603305785123966 0.09429280397022333
5 0.34049586776859503 0.8002481389578163 0.08264462809917356 0.09553349875930521
4 0.12231404958677686 0.8095533498759305 0.20165289256198346 0.17990074441687345
5 0.7363636363636363 0.8238213399503722 0.0743801652892562 0.12531017369727046
4 0.49669421487603305 0.892059553349876 0.2793388429752066 0.2109181141439206
4 0.9256198347107438 0.902605459057072 0.1487603305785124 0.19230769230769232