5 0.35546875 0.09490740740740741 0.017708333333333333 0.05925925925925926
5 0.3572916666666667 0.09861111111111111 0.016666666666666666 0.046296296296296294
4 0.3984375 0.16342592592592592 0.06875 0.09722222222222222
5 0.4627604166666667 0.20416666666666666 0.025 0.044444444444444446
5 0.3328125 0.21064814814814814 0.0296875 0.10092592592592593
5 0.27109375 0.30972222222222223 0.0421875 0.10648148148148148
5 0.46510416666666665 0.31342592592592594 0.0421875 0.08055555555555556
5 0.60234375 0.45787037037037037 0.065625 0.14166666666666666
5 0.69921875 0.5430555555555555 0.071875 0.1638888888888889
5 0.29765625 0.06574074074074074 0.016666666666666666 0.06111111111111111
5 0.6971354166666667 0.7347222222222223 0.0859375 0.21388888888888888