4 0.045454545454545456 0.12531017369727046 0.0743801652892562 0.04838709677419355
4 0.5239669421487604 0.2053349875930521 0.09256198347107437 0.06575682382133995
6 0.7735537190082644 0.2661290322580645 0.19504132231404958 0.13647642679900746
5 0.05289256198347107 0.2803970223325062 0.0512396694214876 0.052109181141439205
6 0.5834710743801653 0.2977667493796526 0.1669421487603306 0.1327543424317618
4 0.11487603305785124 0.3163771712158809 0.14380165289256197 0.10421836228287841
0 0.4933884297520661 0.03225806451612903 0.05785123966942149 0.05334987593052109
4 0.640495867768595 0.5142679900744417 0.23801652892561984 0.22084367245657568
4 0.4140495867768595 0.057692307692307696 0.04297520661157025 0.04218362282878412
5 0.3330578512396694 0.06017369727047146 0.01652892561983471 0.02109181141439206
4 0.37272727272727274 0.09553349875930521 0.05289256198347107 0.04218362282878412
4 0.47520661157024796 0.09863523573200993 0.06611570247933884 0.06575682382133995
5 0.2528925619834711 0.11538461538461539 0.023140495867768594 0.038461538461538464