4 0.7173553719008264 0.41074380165289254 0.026446280991735537 0.02975206611570248
6 0.8413223140495868 0.41983471074380163 0.04297520661157025 0.0512396694214876
4 0.6900826446280992 0.4537190082644628 0.04628099173553719 0.047933884297520664
4 0.8603305785123967 0.4727272727272727 0.05454545454545454 0.05785123966942149
5 0.8132231404958677 0.5016528925619834 0.019834710743801654 0.04462809917355372
5 0.5545454545454546 0.531404958677686 0.024793388429752067 0.05289256198347107
5 0.8347107438016529 0.5776859504132231 0.026446280991735537 0.03801652892561983
4 0.38016528925619836 0.5942148760330579 0.19173553719008266 0.18512396694214875
4 0.5107438016528926 0.6504132231404959 0.13388429752066117 0.13553719008264462
4 0.8148760330578513 0.6966942148760331 0.11735537190082644 0.14545454545454545
5 0.7198347107438017 0.7925619834710744 0.05454545454545454 0.09090909090909091
4 0.16115702479338842 0.8115702479338843 0.30082644628099175 0.18512396694214875
5 0.4884297520661157 0.8636363636363636 0.06115702479338843 0.11239669421487604
5 0.8148760330578513 0.8652892561983471 0.05785123966942149 0.10413223140495868
5 0.6685950413223141 0.9099173553719008 0.05950413223140496 0.11074380165289256
5 0.9198347107438016 0.9760330578512396 0.08760330578512397 0.04462809917355372