4 0.740625 0.1685185185185185 0.020833333333333332 0.02962962962962963
4 0.7708333333333334 0.17916666666666667 0.019791666666666666 0.023148148148148147
4 0.8234375 0.20925925925925926 0.028645833333333332 0.025
4 0.6799479166666667 0.21944444444444444 0.0359375 0.046296296296296294
4 0.8278645833333333 0.25416666666666665 0.0375 0.05740740740740741
5 0.6216145833333333 0.31157407407407406 0.028645833333333332 0.062037037037037036
5 0.7307291666666667 0.3337962962962963 0.022916666666666665 0.07407407407407407
4 0.8161458333333333 0.3347222222222222 0.071875 0.08518518518518518
5 0.7408854166666666 0.4236111111111111 0.027604166666666666 0.08703703703703704
4 0.803125 0.45740740740740743 0.09166666666666666 0.1787037037037037
5 0.6416666666666667 0.5185185185185185 0.04479166666666667 0.09166666666666666