4 0.17024793388429751 0.3870967741935484 0.08429752066115702 0.04962779156327544
5 0.9694214876033058 0.4100496277915633 0.05785123966942149 0.05459057071960298
5 0.8793388429752066 0.4305210918114144 0.06446280991735537 0.04714640198511166
5 0.6884297520661157 0.4478908188585608 0.07603305785123966 0.05334987593052109
5 0.552892561983471 0.4801488833746898 0.0859504132231405 0.060794044665012405
5 0.8033057851239669 0.5049627791563276 0.0743801652892562 0.05583126550868486
5 0.8652892561983471 0.5614143920595533 0.08429752066115702 0.08312655086848635
5 0.0743801652892562 0.5825062034739454 0.1487603305785124 0.09181141439205956
4 0.4925619834710744 0.6575682382133995 0.40165289256198344 0.20471464019851116
5 0.9462809917355371 0.8300248138957816 0.10082644628099173 0.10297766749379653
4 0.43140495867768597 0.8660049627791563 0.5801652892561984 0.2642679900744417