4 0.343801652892562 0.17851239669421487 0.04462809917355372 0.04297520661157025
5 0.33140495867768593 0.21818181818181817 0.01818181818181818 0.03966942148760331
5 0.14380165289256197 0.2206611570247934 0.02975206611570248 0.04297520661157025
4 0.0603305785123967 0.2322314049586777 0.09917355371900827 0.06115702479338843
5 0.24380165289256198 0.26611570247933886 0.03140495867768595 0.047933884297520664
5 0.2950413223140496 0.2694214876033058 0.03966942148760331 0.04132231404958678
4 0.3867768595041322 0.3074380165289256 0.09752066115702479 0.12231404958677686
5 0.21239669421487603 0.31983471074380165 0.03966942148760331 0.06446280991735537
5 0.2950413223140496 0.3611570247933884 0.04297520661157025 0.05619834710743802
5 0.13884297520661157 0.512396694214876 0.05619834710743802 0.08429752066115702
4 0.5363636363636364 0.5181818181818182 0.14049586776859505 0.1834710743801653
5 0.21735537190082643 0.6371900826446281 0.06942148760330578 0.11735537190082644
5 0.09090909090909091 0.8024793388429752 0.05454545454545454 0.1256198347107438
5 0.3628099173553719 0.8264462809917356 0.08760330578512397 0.14380165289256197
4 0.3743801652892562 0.1487603305785124 0.03471074380165289 0.03471074380165289