4 0.5785123966942148 0.1743801652892562 0.04132231404958678 0.049586776859504134
5 0.5801652892561984 0.2066115702479339 0.01652892561983471 0.04297520661157025
4 0.6553719008264463 0.22727272727272727 0.0512396694214876 0.05950413223140496
5 0.39917355371900826 0.24380165289256198 0.03636363636363636 0.03305785123966942
4 0.5322314049586777 0.2702479338842975 0.07933884297520662 0.06446280991735537
5 0.2694214876033058 0.3239669421487603 0.04132231404958678 0.047933884297520664
5 0.675206611570248 0.32892561983471075 0.02975206611570248 0.04628099173553719
5 0.2743801652892562 0.44380165289256196 0.04462809917355372 0.06446280991735537
4 0.3652892561983471 0.49173553719008267 0.15206611570247933 0.15041322314049588
5 0.6099173553719008 0.515702479338843 0.05619834710743802 0.07768595041322314
5 0.5214876033057851 0.6214876033057851 0.05785123966942149 0.10413223140495868
5 0.20578512396694215 0.687603305785124 0.06776859504132231 0.10413223140495868
5 0.5983471074380166 0.7066115702479339 0.05454545454545454 0.10578512396694215
6 0.07520661157024794 0.7909090909090909 0.14710743801652892 0.41487603305785126
4 0.5909090909090909 0.11735537190082644 0.02809917355371901 0.021487603305785124
4 0.5338842975206611 0.13388429752066117 0.02975206611570248 0.03140495867768595