4 0.7403645833333333 0.16898148148148148 0.0203125 0.028703703703703703
4 0.7520833333333333 0.2023148148148148 0.028645833333333332 0.04259259259259259
4 0.8236979166666667 0.21805555555555556 0.0328125 0.030555555555555555
5 0.6997395833333333 0.2513888888888889 0.018229166666666668 0.03888888888888889
4 0.82578125 0.2550925925925926 0.03697916666666667 0.05648148148148148
4 0.8158854166666667 0.33425925925925926 0.07291666666666667 0.08333333333333333
5 0.759375 0.34305555555555556 0.0203125 0.05092592592592592
4 0.8036458333333333 0.45925925925925926 0.09010416666666667 0.17222222222222222
4 0.4908854166666667 0.5208333333333334 0.178125 0.262037037037037
5 0.34453125 0.6236111111111111 0.07083333333333333 0.1398148148148148
5 0.18828125 0.799537037037037 0.09166666666666666 0.17685185185185184