4 0.8252604166666667 0.2439814814814815 0.03177083333333333 0.03796296296296296
4 0.8130208333333333 0.2777777777777778 0.0453125 0.037037037037037035
5 0.6661458333333333 0.3111111111111111 0.01875 0.075
5 0.6919270833333333 0.32407407407407407 0.0234375 0.05925925925925926
4 0.8153645833333333 0.3314814814814815 0.06979166666666667 0.07777777777777778
5 0.5393229166666667 0.4203703703703704 0.041666666666666664 0.1037037037037037
5 0.5859375 0.43842592592592594 0.035416666666666666 0.09814814814814815
5 0.7138020833333333 0.44166666666666665 0.028125 0.07222222222222222
4 0.8028645833333333 0.4449074074074074 0.08958333333333333 0.14629629629629629
4 0.7666666666666667 0.6541666666666667 0.1328125 0.28888888888888886
5 0.4388020833333333 0.7282407407407407 0.08020833333333334 0.1638888888888889
5 0.5700520833333333 0.899537037037037 0.07135416666666666 0.15462962962962962