5 0.38264462809917354 0.12841191066997518 0.02975206611570248 0.033498759305210915
5 0.6429752066115703 0.23573200992555832 0.04628099173553719 0.060794044665012405
5 0.724793388429752 0.25992555831265507 0.05454545454545454 0.06451612903225806
4 0.9024793388429752 0.3436724565756824 0.18016528925619835 0.13771712158808933
4 0.4479338842975207 0.03598014888337469 0.05619834710743802 0.04094292803970223
0 0.41570247933884297 0.3889578163771712 0.4 0.47022332506203474
4 0.07272727272727272 0.4280397022332506 0.14545454545454545 0.2109181141439206
5 0.6115702479338843 0.05459057071960298 0.023140495867768594 0.03598014888337469
4 0.915702479338843 0.5775434243176178 0.1652892561983471 0.2841191066997519
5 0.5247933884297521 0.06513647642679901 0.019834710743801654 0.03722084367245657
4 0.6760330578512397 0.07444168734491315 0.07603305785123966 0.052109181141439205
5 0.5768595041322314 0.08064516129032258 0.026446280991735537 0.04714640198511166
5 0.48925619834710743 0.12096774193548387 0.04132231404958678 0.03598014888337469