4 0.6231404958677685 0.1501240694789082 0.02975206611570248 0.02109181141439206
4 0.2702479338842975 0.19478908188585609 0.01487603305785124 0.02481389578163772
5 0.45289256198347105 0.19540942928039703 0.01487603305785124 0.02109181141439206
4 0.31074380165289256 0.19975186104218362 0.04132231404958678 0.022332506203473945
6 0.11900826446280992 0.2022332506203474 0.06776859504132231 0.05707196029776675
5 0.24049586776859505 0.20843672456575682 0.026446280991735537 0.03225806451612903
5 0.4371900826446281 0.21836228287841192 0.01818181818181818 0.026054590570719603
5 0.39008264462809916 0.2196029776674938 0.019834710743801654 0.02481389578163772
4 0.6446280991735537 0.2313895781637717 0.047933884297520664 0.033498759305210915
5 0.3330578512396694 0.24937965260545905 0.019834710743801654 0.03225806451612903
4 0.5900826446280992 0.26054590570719605 0.0628099173553719 0.04962779156327544
5 0.02231404958677686 0.29218362282878413 0.023140495867768594 0.02977667493796526
5 0.06859504132231405 0.33188585607940446 0.02809917355371901 0.034739454094292806
5 0.2628099173553719 0.34863523573200994 0.02975206611570248 0.038461538461538464
5 0.006611570247933884 0.36538461538461536 0.013223140495867768 0.04838709677419355
6 0.45206611570247934 0.40012406947890816 0.1256198347107438 0.17990074441687345
4 0.7330578512396694 0.45409429280397023 0.1305785123966942 0.09057071960297766