4 0.49669421487603305 0.18429752066115704 0.047933884297520664 0.04628099173553719
5 0.5214876033057851 0.2256198347107438 0.01652892561983471 0.03801652892561983
5 0.48677685950413224 0.22892561983471074 0.021487603305785124 0.04628099173553719
4 0.5661157024793388 0.2537190082644628 0.06446280991735537 0.07272727272727272
5 0.6462809917355372 0.256198347107438 0.026446280991735537 0.04462809917355372
5 0.42396694214876035 0.2859504132231405 0.03636363636363636 0.04628099173553719
5 0.5264462809917355 0.3239669421487603 0.03140495867768595 0.047933884297520664
5 0.26611570247933886 0.328099173553719 0.03140495867768595 0.049586776859504134
5 0.4380165289256198 0.35537190082644626 0.02809917355371901 0.04628099173553719
5 0.3760330578512397 0.35619834710743803 0.02809917355371901 0.049586776859504134
5 0.7388429752066116 0.38264462809917354 0.03966942148760331 0.07933884297520662
5 0.6942148760330579 0.45950413223140496 0.03966942148760331 0.07603305785123966
5 0.5545454545454546 0.5322314049586777 0.047933884297520664 0.07768595041322314
4 0.3504132231404959 0.5487603305785124 0.18677685950413223 0.19669421487603306
4 0.7702479338842976 0.6909090909090909 0.2 0.2809917355371901
6 0.6520661157024793 0.1305785123966942 0.03966942148760331 0.049586776859504134
4 0.5793388429752067 0.1396694214876033 0.03636363636363636 0.03305785123966942