4 0.82265625 0.21805555555555556 0.030729166666666665 0.03148148148148148
4 0.8231770833333333 0.24444444444444444 0.030729166666666665 0.03518518518518519
4 0.8130208333333333 0.2777777777777778 0.0453125 0.037037037037037035
5 0.6875 0.2810185185185185 0.015625 0.040740740740740744
5 0.7182291666666667 0.28703703703703703 0.01875 0.05925925925925926
4 0.8153645833333333 0.3314814814814815 0.06979166666666667 0.07685185185185185
5 0.6393229166666666 0.3685185185185185 0.0328125 0.07407407407407407
4 0.8033854166666666 0.4449074074074074 0.09166666666666666 0.14722222222222223
5 0.58671875 0.4962962962962963 0.0515625 0.11666666666666667
5 0.6541666666666667 0.611574074074074 0.049479166666666664 0.11574074074074074
4 0.7684895833333333 0.6532407407407408 0.13333333333333333 0.287962962962963
5 0.23671875 0.8185185185185185 0.103125 0.1638888888888889