5 0.25416666666666665 0.1300925925925926 0.03333333333333333 0.08796296296296297
5 0.2833333333333333 0.1814814814814815 0.034895833333333334 0.10740740740740741
6 0.4622395833333333 0.20972222222222223 0.10416666666666667 0.1824074074074074
4 0.2796875 0.021296296296296296 0.03177083333333333 0.028703703703703703
5 0.5244791666666667 0.3074074074074074 0.04010416666666667 0.1
5 0.35130208333333335 0.3574074074074074 0.051041666666666666 0.1675925925925926
5 0.60546875 0.3800925925925926 0.040625 0.10648148148148148
5 0.559375 0.43472222222222223 0.05520833333333333 0.14629629629629629
5 0.6364583333333333 0.4930555555555556 0.0578125 0.1111111111111111
5 0.41901041666666666 0.6986111111111111 0.084375 0.26666666666666666
4 0.2986979166666667 0.07175925925925926 0.049479166666666664 0.06296296296296296
5 0.91328125 0.8546296296296296 0.09375 0.18518518518518517