4 0.8239583333333333 0.21712962962962962 0.0328125 0.02962962962962963
4 0.6802083333333333 0.2199074074074074 0.036458333333333336 0.044444444444444446
5 0.7291666666666666 0.24768518518518517 0.019791666666666666 0.04537037037037037
5 0.7890625 0.2537037037037037 0.014583333333333334 0.02962962962962963
4 0.82421875 0.25555555555555554 0.0359375 0.05185185185185185
4 0.6825520833333333 0.3060185185185185 0.06510416666666667 0.08425925925925926
4 0.8174479166666667 0.3333333333333333 0.06875 0.08425925925925926
4 0.8033854166666666 0.4597222222222222 0.090625 0.17222222222222222
4 0.49557291666666664 0.5615740740740741 0.15989583333333332 0.23425925925925925
5 0.675 0.7157407407407408 0.04739583333333333 0.11203703703703703
5 0.6002604166666666 0.7171296296296297 0.06197916666666667 0.1175925925925926
5 0.25390625 0.7314814814814815 0.09583333333333334 0.13796296296296295