4 0.8106770833333333 0.29583333333333334 0.0609375 0.09722222222222222
4 0.2796875 0.30972222222222223 0.12135416666666667 0.13240740740740742
4 0.065625 0.3212962962962963 0.128125 0.2175925925925926
4 0.17734375 0.32175925925925924 0.13072916666666667 0.14814814814814814
5 0.5932291666666667 0.3226851851851852 0.022395833333333334 0.04259259259259259
5 0.6677083333333333 0.3416666666666667 0.024479166666666666 0.062037037037037036
4 0.41458333333333336 0.3425925925925926 0.08333333333333333 0.13333333333333333
5 0.7330729166666666 0.35462962962962963 0.022395833333333334 0.06481481481481481
5 0.6434895833333333 0.3773148148148148 0.021875 0.046296296296296294
4 0.81484375 0.4009259259259259 0.06822916666666666 0.11944444444444445
4 0.31692708333333336 0.5268518518518519 0.2359375 0.27037037037037037
5 0.3138020833333333 0.7675925925925926 0.11354166666666667 0.23333333333333334