4 0.7408854166666666 0.16712962962962963 0.018229166666666668 0.025
4 0.8127604166666667 0.32037037037037036 0.0609375 0.1037037037037037
5 0.63515625 0.3875 0.027083333333333334 0.08425925925925926
5 0.7078125 0.39166666666666666 0.01875 0.06944444444444445
4 0.803125 0.44212962962962965 0.08958333333333333 0.14722222222222223
5 0.50703125 0.4708333333333333 0.041666666666666664 0.09351851851851851
5 0.6989583333333333 0.5592592592592592 0.042708333333333334 0.10833333333333334
5 0.4609375 0.5652777777777778 0.05677083333333333 0.11574074074074074
4 0.7677083333333333 0.6458333333333334 0.13229166666666667 0.2962962962962963
5 0.43046875 0.7236111111111111 0.07395833333333333 0.1685185185185185
5 0.10052083333333334 0.7273148148148149 0.04895833333333333 0.125