4 0.8272727272727273 0.4256198347107438 0.03305785123966942 0.026446280991735537
4 0.9851239669421488 0.4305785123966942 0.02975206611570248 0.03471074380165289
5 0.8785123966942149 0.46859504132231405 0.01652892561983471 0.03305785123966942
5 0.9107438016528926 0.5008264462809917 0.023140495867768594 0.04297520661157025
0 0.7826446280991736 0.5132231404958678 0.13388429752066117 0.1487603305785124
5 0.6074380165289256 0.5504132231404959 0.024793388429752067 0.03966942148760331
5 0.9760330578512396 0.5553719008264463 0.02975206611570248 0.05619834710743802
4 0.9239669421487603 0.5933884297520661 0.08925619834710743 0.09090909090909091
5 0.5198347107438016 0.6297520661157024 0.04132231404958678 0.06776859504132231
5 0.8008264462809918 0.6388429752066116 0.04132231404958678 0.08429752066115702
5 0.3975206611570248 0.6702479338842975 0.04297520661157025 0.07272727272727272
5 0.41983471074380163 0.7041322314049587 0.05619834710743802 0.07768595041322314
5 0.6834710743801653 0.7066115702479339 0.04132231404958678 0.07107438016528926
5 0.9454545454545454 0.7115702479338843 0.04297520661157025 0.08264462809917356
5 0.2628099173553719 0.7652892561983471 0.07933884297520662 0.09917355371900827
4 0.46942148760330576 0.7776859504132232 0.23140495867768596 0.2231404958677686
5 0.6066115702479339 0.8677685950413223 0.06446280991735537 0.10578512396694215
4 0.6834710743801653 0.9140495867768595 0.26776859504132233 0.171900826446281