4 0.7002604166666667 0.22685185185185186 0.035416666666666666 0.04814814814814815
4 0.8234375 0.24722222222222223 0.03229166666666667 0.03888888888888889
5 0.7510416666666667 0.25416666666666665 0.015104166666666667 0.04722222222222222
4 0.8143229166666667 0.28425925925925927 0.05 0.041666666666666664
4 0.815625 0.3296296296296296 0.06666666666666667 0.07407407407407407
5 0.69375 0.37546296296296294 0.024479166666666666 0.06481481481481481
4 0.803125 0.45694444444444443 0.09010416666666667 0.17314814814814813
5 0.521875 0.4583333333333333 0.0453125 0.09166666666666666
5 0.4153645833333333 0.5912037037037037 0.06666666666666667 0.11203703703703703
5 0.5846354166666666 0.6393518518518518 0.04739583333333333 0.10833333333333334
5 0.36171875 0.7018518518518518 0.07395833333333333 0.13425925925925927