5 0.25807291666666665 0.11018518518518519 0.022916666666666665 0.062037037037037036
5 0.4158854166666667 0.14351851851851852 0.036458333333333336 0.05
5 0.34817708333333336 0.1986111111111111 0.036458333333333336 0.08148148148148149
5 0.4630208333333333 0.20925925925925926 0.0296875 0.075
5 0.2513020833333333 0.21388888888888888 0.03854166666666667 0.09814814814814815
5 0.48802083333333335 0.2875 0.03697916666666667 0.058333333333333334
5 0.4036458333333333 0.48194444444444445 0.06927083333333334 0.18518518518518517
4 0.29453125 0.05185185185185185 0.0328125 0.05648148148148148
5 0.6200520833333333 0.5375 0.0671875 0.1712962962962963
5 0.23645833333333333 0.05555555555555555 0.01875 0.040740740740740744
5 0.8861979166666667 0.8958333333333334 0.10989583333333333 0.20277777777777778