6 0.27603305785123966 0.13337468982630274 0.049586776859504134 0.05334987593052109
4 0.5884297520661157 0.14392059553349876 0.03305785123966942 0.02481389578163772
4 0.7123966942148761 0.14764267990074442 0.02975206611570248 0.02481389578163772
6 0.6776859504132231 0.15446650124069478 0.0512396694214876 0.05086848635235732
4 0.7768595041322314 0.2413151364764268 0.08264462809917356 0.04838709677419355
4 0.9115702479338843 0.29404466501240695 0.07603305785123966 0.08188585607940446
4 0.7826446280991736 0.34615384615384615 0.1371900826446281 0.09057071960297766
5 0.32148760330578513 0.3629032258064516 0.04297520661157025 0.07692307692307693
5 0.1206611570247934 0.40694789081885857 0.04462809917355372 0.05831265508684864
5 0.2628099173553719 0.4299007444168734 0.05454545454545454 0.060794044665012405
5 0.1578512396694215 0.5148883374689827 0.0743801652892562 0.09057071960297766
5 0.08925619834710743 0.6395781637717122 0.06942148760330578 0.08560794044665013
5 0.2206611570247934 0.6954094292803971 0.09090909090909091 0.09925558312655088
4 0.6396694214876033 0.07133995037220843 0.01818181818181818 0.016129032258064516
4 0.6834710743801653 0.10483870967741936 0.03140495867768595 0.026054590570719603
4 0.6363636363636364 0.11104218362282878 0.026446280991735537 0.018610421836228287