4 0.2528925619834711 0.24380165289256198 0.05454545454545454 0.06611570247933884
6 0.3685950413223141 0.31157024793388427 0.19504132231404958 0.22644628099173553
6 0.16033057851239668 0.31322314049586775 0.1206611570247934 0.15867768595041323
5 0.07107438016528926 0.4396694214876033 0.04628099173553719 0.07603305785123966
5 0.16446280991735537 0.46033057851239667 0.049586776859504134 0.08429752066115702
5 0.3181818181818182 0.47768595041322315 0.049586776859504134 0.07603305785123966
5 0.0256198347107438 0.5016528925619834 0.049586776859504134 0.07603305785123966
4 0.6239669421487604 0.5578512396694215 0.36198347107438017 0.39669421487603307
5 0.1115702479338843 0.6214876033057851 0.05619834710743802 0.09090909090909091
5 0.2603305785123967 0.6264462809917355 0.05950413223140496 0.09917355371900827
5 0.39669421487603307 0.7140495867768595 0.06776859504132231 0.10743801652892562
5 0.13553719008264462 0.8512396694214877 0.07933884297520662 0.14049586776859505
5 0.5661157024793388 0.8553719008264463 0.09090909090909091 0.1669421487603306
5 0.27107438016528923 0.8735537190082645 0.08429752066115702 0.1537190082644628
5 0.4462809917355372 0.9264462809917355 0.11239669421487604 0.14710743801652892
4 0.11074380165289256 0.10743801652892562 0.03140495867768595 0.03140495867768595
4 0.04049586776859504 0.11322314049586776 0.047933884297520664 0.03966942148760331