4 0.5140495867768595 0.17431761786600497 0.1768595041322314 0.11786600496277916
5 0.20330578512396694 0.19478908188585609 0.049586776859504134 0.07196029776674938
5 0.6669421487603305 0.228287841191067 0.05619834710743802 0.07196029776674938
5 0.31074380165289256 0.2531017369727047 0.0628099173553719 0.07568238213399504
5 0.5380165289256198 0.28287841191067 0.06115702479338843 0.08188585607940446
4 0.9586776859504132 0.3163771712158809 0.08099173553719008 0.14640198511166252
5 0.24380165289256198 0.3188585607940447 0.06611570247933884 0.0880893300248139
0 0.8008264462809918 0.4286600496277916 0.3603305785123967 0.3771712158808933
4 0.37355371900826445 0.49193548387096775 0.29256198347107437 0.19727047146401985
5 0.0628099173553719 0.5173697270471465 0.08099173553719008 0.11786600496277916
4 0.8603305785123967 0.062034739454094295 0.09256198347107437 0.07196029776674938
5 0.6413223140495867 0.08312655086848635 0.03471074380165289 0.04962779156327544
4 0.9289256198347108 0.09429280397022333 0.1305785123966942 0.1054590570719603
5 0.7793388429752066 0.10359801488833748 0.04462809917355372 0.04962779156327544
5 0.7 0.11104218362282878 0.04462809917355372 0.07444168734491315