4 0.5322314049586777 0.015508684863523574 0.10578512396694215 0.031017369727047148
4 0.5909090909090909 0.1606699751861042 0.15537190082644628 0.1588089330024814
5 0.7413223140495868 0.18362282878411912 0.05785123966942149 0.07692307692307693
5 0.8049586776859504 0.24317617866004962 0.06115702479338843 0.08436724565756824
5 0.9545454545454546 0.3889578163771712 0.07603305785123966 0.1054590570719603
4 0.6735537190082644 0.43300248138957814 0.2413223140495868 0.3176178660049628
5 0.12396694214876033 0.4968982630272953 0.09421487603305785 0.09801488833746898
5 0.2801652892561983 0.6681141439205955 0.09752066115702479 0.12655086848635236
4 0.8471074380165289 0.0707196029776675 0.12892561983471074 0.13399503722084366
5 0.7206611570247934 0.07258064516129033 0.03801652892561983 0.05831265508684864
5 0.46033057851239667 0.11104218362282878 0.05785123966942149 0.0707196029776675