4 0.74140625 0.16805555555555557 0.021875 0.02962962962962963
4 0.69296875 0.22777777777777777 0.03854166666666667 0.053703703703703705
4 0.815625 0.2814814814814815 0.05 0.06296296296296296
5 0.75390625 0.3263888888888889 0.022395833333333334 0.07314814814814814
5 0.65234375 0.33194444444444443 0.03802083333333333 0.07037037037037037
4 0.8140625 0.33287037037037037 0.06822916666666666 0.06944444444444445
4 0.5765625 0.39444444444444443 0.09427083333333333 0.15555555555555556
4 0.8036458333333333 0.44166666666666665 0.09114583333333333 0.14629629629629629
5 0.59453125 0.4546296296296296 0.04739583333333333 0.10277777777777777
4 0.7682291666666666 0.6523148148148148 0.1328125 0.2898148148148148
4 0.39114583333333336 0.6972222222222222 0.253125 0.387037037037037
5 0.6286458333333333 0.7143518518518519 0.058333333333333334 0.17314814814814813