4 0.6916666666666667 0.2273148148148148 0.036458333333333336 0.05462962962962963
4 0.82421875 0.23287037037037037 0.030208333333333334 0.03333333333333333
4 0.8138020833333334 0.3282407407407407 0.065625 0.075
5 0.6408854166666667 0.3439814814814815 0.025520833333333333 0.0712962962962963
5 0.7388020833333333 0.3625 0.0265625 0.06018518518518518
4 0.8041666666666667 0.44074074074074077 0.09114583333333333 0.14722222222222223
5 0.64453125 0.45740740740740743 0.0328125 0.08981481481481482
5 0.48046875 0.5087962962962963 0.051041666666666666 0.10925925925925926
5 0.6828125 0.5106481481481482 0.0421875 0.09537037037037037
4 0.7671875 0.6504629629629629 0.13333333333333333 0.29444444444444445
5 0.5658854166666667 0.7939814814814815 0.07604166666666666 0.2212962962962963