4 0.6247933884297521 0.19173553719008266 0.06942148760330578 0.06446280991735537
4 0.8859504132231405 0.20826446280991737 0.06776859504132231 0.07107438016528926
5 0.49173553719008267 0.21735537190082643 0.021487603305785124 0.03966942148760331
4 0.571900826446281 0.25702479338842976 0.08925619834710743 0.0628099173553719
5 0.3975206611570248 0.32066115702479336 0.02975206611570248 0.047933884297520664
5 0.7793388429752066 0.3578512396694215 0.03140495867768595 0.0512396694214876
5 0.9851239669421488 0.38264462809917354 0.02809917355371901 0.05785123966942149
5 0.8826446280991735 0.4099173553719008 0.04132231404958678 0.07107438016528926
5 0.6975206611570248 0.44380165289256196 0.04132231404958678 0.08099173553719008
0 0.39917355371900826 0.5586776859504132 0.4793388429752066 0.571900826446281
5 0.9256198347107438 0.5859504132231405 0.06611570247933884 0.1024793388429752
5 0.09338842975206611 0.5991735537190083 0.08099173553719008 0.11239669421487604
5 0.8603305785123967 0.8041322314049587 0.0743801652892562 0.12231404958677686
4 0.7198347107438017 0.14132231404958678 0.03636363636363636 0.03471074380165289
5 0.7727272727272727 0.1578512396694215 0.01818181818181818 0.03636363636363636