4 0.7408854166666666 0.1685185185185185 0.0203125 0.026851851851851852
4 0.7643229166666666 0.18611111111111112 0.022916666666666665 0.03425925925925926
4 0.6796875 0.21898148148148147 0.036458333333333336 0.04722222222222222
4 0.82578125 0.2449074074074074 0.034895833333333334 0.041666666666666664
4 0.7528645833333333 0.2953703703703704 0.05520833333333333 0.08611111111111111
4 0.8153645833333333 0.3314814814814815 0.06770833333333333 0.0824074074074074
5 0.59453125 0.38287037037037036 0.0265625 0.05648148148148148
5 0.69921875 0.45185185185185184 0.0296875 0.06574074074074074
4 0.8036458333333333 0.4564814814814815 0.09166666666666666 0.1787037037037037
5 0.31640625 0.6736111111111112 0.06458333333333334 0.12407407407407407
4 0.409375 0.6958333333333333 0.2265625 0.30462962962962964
5 0.11015625 0.8930555555555556 0.1046875 0.16018518518518518