4 0.7611570247933884 0.30578512396694213 0.0512396694214876 0.04132231404958678
5 0.7776859504132232 0.38016528925619836 0.021487603305785124 0.049586776859504134
4 0.34793388429752065 0.3867768595041322 0.09917355371900827 0.05950413223140496
0 0.596694214876033 0.39008264462809916 0.1487603305785124 0.17355371900826447
5 0.7132231404958678 0.41735537190082644 0.03140495867768595 0.04628099173553719
5 0.40743801652892564 0.43140495867768597 0.02809917355371901 0.03471074380165289
5 0.47603305785123967 0.43140495867768597 0.023140495867768594 0.03801652892561983
5 0.8644628099173554 0.4652892561983471 0.02809917355371901 0.04462809917355372
5 0.7206611570247934 0.5066115702479339 0.03636363636363636 0.06611570247933884
5 0.31900826446280994 0.5727272727272728 0.04297520661157025 0.06446280991735537
4 0.9181818181818182 0.5851239669421487 0.15537190082644628 0.1652892561983471
5 0.4289256198347107 0.5859504132231405 0.04628099173553719 0.0743801652892562
5 0.7652892561983471 0.5950413223140496 0.03801652892561983 0.06942148760330578
5 0.7082644628099174 0.6024793388429752 0.03636363636363636 0.07107438016528926
5 0.5016528925619834 0.6826446280991736 0.05454545454545454 0.09256198347107437
5 0.8024793388429752 0.756198347107438 0.05454545454545454 0.10743801652892562
5 0.1 0.8057851239669421 0.09090909090909091 0.1140495867768595
5 0.5851239669421487 0.8140495867768595 0.0743801652892562 0.1024793388429752
5 0.26694214876033057 0.8785123966942149 0.09917355371900827 0.15537190082644628
5 0.7421487603305785 0.9380165289256198 0.0743801652892562 0.11570247933884298
5 0.38016528925619836 0.9537190082644628 0.09090909090909091 0.08760330578512397
5 0.5818181818181818 0.9545454545454546 0.08429752066115702 0.08760330578512397