4 0.70859375 0.2689814814814815 0.04114583333333333 0.041666666666666664
4 0.8083333333333333 0.2949074074074074 0.065625 0.09722222222222222
4 0.278125 0.30925925925925923 0.11770833333333333 0.13148148148148148
4 0.06588541666666667 0.32175925925925924 0.12916666666666668 0.22314814814814815
4 0.17864583333333334 0.32407407407407407 0.12135416666666667 0.1527777777777778
5 0.5143229166666666 0.32592592592592595 0.035416666666666666 0.08611111111111111
5 0.3411458333333333 0.3902777777777778 0.04635416666666667 0.13148148148148148
5 0.6731770833333334 0.39814814814814814 0.030208333333333334 0.07777777777777778
5 0.19557291666666668 0.4217592592592593 0.06458333333333334 0.1388888888888889
4 0.8020833333333334 0.4398148148148148 0.0796875 0.12407407407407407
5 0.2760416666666667 0.6615740740740741 0.10625 0.2972222222222222