5 0.5793388429752067 0.15694789081885857 0.024793388429752067 0.033498759305210915
5 0.6933884297520662 0.16253101736972705 0.03636363636363636 0.033498759305210915
5 0.6305785123966943 0.1705955334987593 0.03305785123966942 0.04094292803970223
4 0.8950413223140495 0.19851116625310175 0.09256198347107437 0.06947890818858561
5 0.552892561983471 0.21588089330024815 0.03305785123966942 0.04714640198511166
4 0.6760330578512397 0.21898263027295287 0.11735537190082644 0.07444168734491315
5 0.456198347107438 0.2196029776674938 0.03471074380165289 0.04466501240694789
5 0.5008264462809917 0.23883374689826303 0.04132231404958678 0.05831265508684864
5 0.9636363636363636 0.2555831265508685 0.03966942148760331 0.05583126550868486
5 0.78099173553719 0.28225806451612906 0.05454545454545454 0.07692307692307693
5 0.6661157024793388 0.3008684863523573 0.047933884297520664 0.062034739454094295
5 0.29669421487603304 0.30707196029776673 0.03801652892561983 0.05086848635235732
5 0.45206611570247934 0.326302729528536 0.0512396694214876 0.062034739454094295
5 0.5958677685950413 0.33002481389578164 0.05454545454545454 0.07568238213399504
5 0.3611570247933884 0.34305210918114143 0.047933884297520664 0.06699751861042183
5 0.9537190082644628 0.36910669975186106 0.05289256198347107 0.06823821339950373
5 0.24545454545454545 0.3790322580645161 0.049586776859504134 0.07196029776674938
5 0.5190082644628099 0.40012406947890816 0.06115702479338843 0.07816377171215881
5 0.8760330578512396 0.4143920595533499 0.06115702479338843 0.07568238213399504
5 0.11570247933884298 0.4162531017369727 0.07603305785123966 0.08064516129032258
5 0.7066115702479339 0.456575682382134 0.06115702479338843 0.08560794044665013
5 0.9851239669421488 0.45719602977667495 0.02809917355371901 0.0880893300248139
5 0.45867768595041325 0.4640198511166253 0.0743801652892562 0.08933002481389578
5 0.1859504132231405 0.4813895781637717 0.08760330578512397 0.10918114143920596
5 0.9479338842975207 0.6705955334987593 0.09256198347107437 0.12034739454094293
4 0.22644628099173553 0.8076923076923077 0.45289256198347105 0.36352357320099254