5 0.24710743801652893 0.25682382133995035 0.03305785123966942 0.04838709677419355
4 0.7504132231404959 0.031017369727047148 0.024793388429752067 0.018610421836228287
5 0.4396694214876033 0.3107940446650124 0.05289256198347107 0.0707196029776675
4 0.2371900826446281 0.3790322580645161 0.17355371900826447 0.10049627791563276
4 0.8677685950413223 0.039081885856079406 0.02809917355371901 0.017369727047146403
6 0.828099173553719 0.04528535980148883 0.04132231404958678 0.04094292803970223
4 0.7785123966942149 0.05272952853598015 0.03140495867768595 0.022332506203473945
4 0.5165289256198347 0.6222084367245657 0.23801652892561984 0.1935483870967742
4 0.8710743801652893 0.07133995037220843 0.04628099173553719 0.028535980148883373
4 0.6909090909090909 0.08684863523573201 0.04462809917355372 0.03225806451612903
4 0.8231404958677686 0.10669975186104218 0.05289256198347107 0.038461538461538464