0 0.8181818181818182 0.3554590570719603 0.0512396694214876 0.03598014888337469
4 0.8537190082644628 0.3889578163771712 0.04297520661157025 0.033498759305210915
4 0.9677685950413223 0.40198511166253104 0.047933884297520664 0.03225806451612903
4 0.7388429752066116 0.4044665012406948 0.04297520661157025 0.03225806451612903
4 0.7933884297520661 0.4280397022332506 0.05619834710743802 0.03722084367245657
4 0.9818181818181818 0.45285359801488834 0.03636363636363636 0.04094292803970223
4 0.8793388429752066 0.45905707196029777 0.06611570247933884 0.04838709677419355
5 0.5702479338842975 0.47084367245657566 0.024793388429752067 0.04094292803970223
5 0.6652892561983471 0.4770471464019851 0.023140495867768594 0.03598014888337469
5 0.8016528925619835 0.4820099255583127 0.03140495867768595 0.04590570719602978
5 0.7347107438016529 0.4826302729528536 0.02975206611570248 0.03970223325062035
5 0.9859504132231405 0.5018610421836228 0.024793388429752067 0.04466501240694789
5 0.7520661157024794 0.5359801488833746 0.03966942148760331 0.062034739454094295
5 0.7512396694214876 0.5471464019851117 0.03140495867768595 0.03722084367245657
5 0.8363636363636363 0.575682382133995 0.03471074380165289 0.052109181141439205
5 0.9710743801652892 0.6650124069478908 0.049586776859504134 0.07568238213399504
4 0.6867768595041323 0.6817617866004962 0.19504132231404958 0.19478908188585609
0 0.2743801652892562 0.6867245657568238 0.46611570247933887 0.37344913151364767
5 0.5099173553719009 0.7289081885856079 0.05454545454545454 0.07568238213399504