4 0.552892561983471 0.12655086848635236 0.05950413223140496 0.052109181141439205
4 0.02231404958677686 0.13709677419354838 0.04132231404958678 0.03970223325062035
4 0.4636363636363636 0.15074441687344914 0.06611570247933884 0.04838709677419355
5 0.14710743801652892 0.21153846153846154 0.03801652892561983 0.05334987593052109
5 0.07933884297520662 0.23759305210918114 0.02975206611570248 0.03598014888337469
4 0.6537190082644628 0.02543424317617866 0.021487603305785124 0.013647642679900745
4 0.5958677685950413 0.026674937965260544 0.021487603305785124 0.01488833746898263
6 0.6884297520661157 0.3759305210918114 0.1834710743801653 0.22084367245657568
5 0.5198347107438016 0.7357320099255583 0.09090909090909091 0.08064516129032258
4 0.5570247933884298 0.0750620347394541 0.04132231404958678 0.031017369727047148
6 0.47520661157024796 0.8821339950372209 0.4826446280991736 0.23076923076923078
4 0.4190082644628099 0.09181141439205956 0.04628099173553719 0.033498759305210915
6 0.11322314049586776 0.09181141439205956 0.08429752066115702 0.06327543424317618