4 0.5586776859504132 0.13957816377171217 0.04132231404958678 0.02481389578163772
6 0.09752066115702479 0.15384615384615385 0.0859504132231405 0.0707196029776675
5 0.4223140495867769 0.16563275434243177 0.01818181818181818 0.02481389578163772
4 0.2322314049586777 0.18548387096774194 0.05454545454545454 0.033498759305210915
5 0.3859504132231405 0.21588089330024815 0.02809917355371901 0.03722084367245657
4 0.6388429752066116 0.23635235732009927 0.07768595041322314 0.060794044665012405
5 0.18264462809917356 0.2642679900744417 0.024793388429752067 0.033498759305210915
5 0.1206611570247934 0.2661290322580645 0.02975206611570248 0.05086848635235732
5 0.4553719008264463 0.2760545905707196 0.02809917355371901 0.043424317617866005
5 0.0603305785123967 0.29590570719602977 0.02809917355371901 0.04714640198511166
5 0.5289256198347108 0.34615384615384615 0.03966942148760331 0.0707196029776675
4 0.9024793388429752 0.3566997518610422 0.13388429752066117 0.08188585607940446
5 0.5272727272727272 0.3566997518610422 0.03140495867768595 0.04590570719602978
4 0.9041322314049587 0.45409429280397023 0.1884297520661157 0.13399503722084366
5 0.06776859504132231 0.5676178660049628 0.0628099173553719 0.07816377171215881
4 0.46198347107438015 0.08436724565756824 0.023140495867768594 0.02357320099255583
6 0.48677685950413224 0.11042183622828784 0.03140495867768595 0.028535980148883373
4 0.5454545454545454 0.11228287841191067 0.02809917355371901 0.02357320099255583