4 0.7411458333333333 0.1685185185185185 0.021354166666666667 0.028703703703703703
4 0.82421875 0.20833333333333334 0.029166666666666667 0.02962962962962963
4 0.8244791666666667 0.23842592592592593 0.033854166666666664 0.03333333333333333
4 0.8158854166666667 0.2810185185185185 0.051041666666666666 0.058333333333333334
5 0.6682291666666667 0.3055555555555556 0.021354166666666667 0.06018518518518518
4 0.8130208333333333 0.33287037037037037 0.06614583333333333 0.07222222222222222
4 0.8028645833333333 0.4439814814814815 0.08802083333333334 0.1398148148148148
5 0.69765625 0.45694444444444443 0.034895833333333334 0.10277777777777777
4 0.76796875 0.6513888888888889 0.1328125 0.2916666666666667
5 0.39557291666666666 0.6518518518518519 0.06666666666666667 0.14537037037037037
5 0.5614583333333333 0.7754629629629629 0.0640625 0.11944444444444445