4 0.43471074380165287 0.13399503722084366 0.06611570247933884 0.043424317617866005
5 0.06776859504132231 0.15074441687344914 0.02975206611570248 0.034739454094292806
5 0.3322314049586777 0.1687344913151365 0.02975206611570248 0.04838709677419355
5 0.3330578512396694 0.18114143920595532 0.026446280991735537 0.03598014888337469
4 0.6504132231404959 0.2109181141439206 0.11735537190082644 0.08436724565756824
5 0.3487603305785124 0.30707196029776673 0.04297520661157025 0.06699751861042183
4 0.5198347107438016 0.03163771712158809 0.04297520661157025 0.04590570719602978
4 0.8289256198347107 0.337468982630273 0.1669421487603306 0.09801488833746898
6 0.06776859504132231 0.05086848635235732 0.06446280991735537 0.05583126550868486
6 0.5454545454545454 0.09429280397022333 0.0743801652892562 0.08188585607940446
5 0.1793388429752066 0.09863523573200993 0.01818181818181818 0.033498759305210915
5 0.3239669421487603 0.10049627791563276 0.024793388429752067 0.033498759305210915