4 0.6528925619834711 0.13957816377171217 0.023140495867768594 0.01488833746898263
4 0.4049586776859504 0.1513647642679901 0.02809917355371901 0.02481389578163772
4 0.5743801652892562 0.15508684863523572 0.03305785123966942 0.02481389578163772
6 0.22148760330578512 0.16811414392059554 0.06611570247933884 0.05955334987593052
5 0.3347107438016529 0.19540942928039703 0.01652892561983471 0.022332506203473945
5 0.2991735537190083 0.19540942928039703 0.013223140495867768 0.02481389578163772
4 0.6603305785123967 0.20037220843672457 0.0512396694214876 0.03598014888337469
4 0.6975206611570248 0.23759305210918114 0.06115702479338843 0.04218362282878412
5 0.5446280991735537 0.30955334987593053 0.03140495867768595 0.05334987593052109
4 0.8644628099173554 0.3176178660049628 0.09752066115702479 0.05707196029776675
4 0.2793388429752066 0.32568238213399503 0.08264462809917356 0.06451612903225806
5 0.531404958677686 0.3920595533498759 0.03966942148760331 0.04838709677419355
5 0.045454545454545456 0.3951612903225806 0.04297520661157025 0.05086848635235732
5 0.6471074380165289 0.4063275434243176 0.04462809917355372 0.052109181141439205
5 0.22727272727272727 0.43796526054590573 0.04297520661157025 0.07444168734491315
5 0.15867768595041323 0.45161290322580644 0.05454545454545454 0.05583126550868486
5 0.1256198347107438 0.5638957816377171 0.047933884297520664 0.08188585607940446
5 0.6082644628099173 0.5831265508684863 0.05785123966942149 0.07692307692307693
5 0.026446280991735537 0.6011166253101737 0.05289256198347107 0.09057071960297766
5 0.19586776859504132 0.6308933002481389 0.06446280991735537 0.0794044665012407
5 0.8421487603305785 0.7078163771712159 0.07933884297520662 0.0967741935483871
4 0.5661157024793388 0.11476426799007444 0.026446280991735537 0.02109181141439206
4 0.6289256198347107 0.12220843672456576 0.01818181818181818 0.01240694789081886