4 0.6099173553719008 0.18016528925619835 0.10909090909090909 0.15041322314049588
5 0.7462809917355372 0.18512396694214875 0.03636363636363636 0.06611570247933884
4 0.3975206611570248 0.2231404958677686 0.1305785123966942 0.1537190082644628
4 0.8809917355371901 0.2652892561983471 0.17024793388429751 0.1884297520661157
5 0.7528925619834711 0.29173553719008266 0.05454545454545454 0.08429752066115702
5 0.19008264462809918 0.3330578512396694 0.047933884297520664 0.08099173553719008
5 0.7057851239669422 0.3628099173553719 0.04462809917355372 0.08925619834710743
5 0.8140495867768595 0.49173553719008267 0.06115702479338843 0.11239669421487604
4 0.2371900826446281 0.5429752066115703 0.27603305785123966 0.31735537190082647
4 0.4578512396694215 0.6297520661157024 0.24297520661157024 0.40165289256198344
5 0.39669421487603307 0.07768595041322314 0.02975206611570248 0.047933884297520664
5 0.3537190082644628 0.08429752066115702 0.026446280991735537 0.047933884297520664
5 0.9586776859504132 0.8752066115702479 0.07933884297520662 0.13388429752066117
4 0.4809917355371901 0.08925619834710743 0.07933884297520662 0.08925619834710743
5 0.6991735537190082 0.1322314049586777 0.02809917355371901 0.049586776859504134
5 0.8 0.16033057851239668 0.03471074380165289 0.06115702479338843