5 0.81796875 0.9282407407407407 0.0067708333333333336 0.000925925925925926
5 0.38385416666666666 0.11527777777777778 0.030729166666666665 0.053703703703703705
5 0.2578125 0.14537037037037037 0.025520833333333333 0.07962962962962963
5 0.440625 0.15138888888888888 0.034895833333333334 0.05277777777777778
5 0.48072916666666665 0.2601851851851852 0.033854166666666664 0.07777777777777778
5 0.509375 0.3287037037037037 0.033854166666666664 0.05648148148148148
4 0.27890625 0.0375 0.0359375 0.04814814814814815
5 0.5919270833333333 0.39537037037037037 0.044270833333333336 0.07777777777777778
5 0.6479166666666667 0.5148148148148148 0.059375 0.10648148148148148
5 0.8143229166666667 0.6967592592592593 0.0828125 0.16111111111111112
4 0.68671875 0.7171296296296297 0.2635416666666667 0.3990740740740741