6 0.06859504132231405 0.14826302729528537 0.06942148760330578 0.06575682382133995
4 0.23305785123966943 0.15384615384615385 0.02809917355371901 0.033498759305210915
4 0.5628099173553719 0.15508684863523572 0.0512396694214876 0.033498759305210915
4 0.19421487603305784 0.19602977667493796 0.05950413223140496 0.04094292803970223
5 0.4099173553719008 0.20409429280397023 0.024793388429752067 0.03722084367245657
5 0.3925619834710744 0.2903225806451613 0.03966942148760331 0.04714640198511166
5 0.1115702479338843 0.34739454094292804 0.03636363636363636 0.04590570719602978
4 0.78099173553719 0.34801488833746896 0.13553719008264462 0.09801488833746898
5 0.05785123966942149 0.369727047146402 0.03636363636363636 0.04714640198511166
5 0.5057851239669422 0.4088089330024814 0.03636363636363636 0.04838709677419355
5 0.5190082644628099 0.5266749379652605 0.03636363636363636 0.0707196029776675
5 0.8702479338842976 0.7673697270471465 0.09090909090909091 0.1315136476426799
6 0.46198347107438015 0.10856079404466501 0.03471074380165289 0.034739454094292806
4 0.5256198347107438 0.11476426799007444 0.03305785123966942 0.028535980148883373