6 0.7315104166666667 0.2125 0.036458333333333336 0.08148148148148149
4 0.8252604166666667 0.22037037037037038 0.030208333333333334 0.04351851851851852
4 0.6796875 0.2212962962962963 0.0390625 0.046296296296296294
4 0.6205729166666667 0.300462962962963 0.057291666666666664 0.075
4 0.8216145833333334 0.33935185185185185 0.06197916666666667 0.10277777777777777
5 0.7059895833333333 0.3851851851851852 0.030729166666666665 0.09351851851851851
5 0.6135416666666667 0.4125 0.028125 0.10185185185185185
5 0.7283854166666667 0.4587962962962963 0.026041666666666668 0.12037037037037036
5 0.68046875 0.46944444444444444 0.03177083333333333 0.11851851851851852
4 0.4505208333333333 0.5268518518518519 0.18541666666666667 0.20092592592592592
4 0.8028645833333333 0.5319444444444444 0.125 0.2490740740740741
5 0.5677083333333334 0.6055555555555555 0.0640625 0.1638888888888889
5 0.6716145833333333 0.6231481481481481 0.05572916666666667 0.18518518518518517
5 0.54296875 0.8861111111111111 0.08072916666666667 0.22592592592592592