4 0.6305785123966943 0.1401985111662531 0.17024793388429751 0.14392059553349876
4 0.9272727272727272 0.1513647642679901 0.14214876033057852 0.12655086848635236
5 0.06446280991735537 0.151985111662531 0.07768595041322314 0.06451612903225806
5 0.26694214876033057 0.15942928039702234 0.07272727272727272 0.07320099255583126
5 0.4033057851239669 0.21464019851116625 0.07603305785123966 0.11662531017369727
5 0.25702479338842976 0.23387096774193547 0.07603305785123966 0.0880893300248139
5 0.871900826446281 0.026054590570719603 0.047933884297520664 0.05086848635235732
4 0.08016528925619834 0.27233250620347393 0.15702479338842976 0.18982630272952852
5 0.9404958677685951 0.29094292803970223 0.05785123966942149 0.08933002481389578
4 0.509090909090909 0.03225806451612903 0.12727272727272726 0.06451612903225806
5 0.38016528925619836 0.03535980148883375 0.04297520661157025 0.06823821339950373
5 0.9082644628099174 0.36476426799007444 0.0859504132231405 0.11786600496277916
5 0.2 0.3858560794044665 0.0743801652892562 0.10918114143920596
4 0.7090909090909091 0.043424317617866005 0.13884297520661157 0.08684863523573201
4 0.7909090909090909 0.5031017369727047 0.2528925619834711 0.23325062034739455
5 0.026446280991735537 0.5620347394540943 0.05289256198347107 0.1513647642679901
5 0.17603305785123968 0.060794044665012405 0.04628099173553719 0.07568238213399504
0 0.47768595041322315 0.6712158808933002 0.5256198347107438 0.6550868486352357
5 0.4735537190082645 0.07754342431761786 0.05950413223140496 0.062034739454094295