0 0.6446280991735537 0.4658808933002481 0.35537190082644626 0.16501240694789082
5 0.8429752066115702 0.5279156327543424 0.06611570247933884 0.06575682382133995
5 0.4206611570247934 0.5911910669975186 0.10909090909090909 0.062034739454094295
5 0.959504132231405 0.6035980148883374 0.06776859504132231 0.06699751861042183
4 0.6429752066115703 0.6308933002481389 0.3652892561983471 0.19975186104218362
5 0.06198347107438017 0.6383374689826302 0.11735537190082644 0.09057071960297766
5 0.15950413223140497 0.663151364764268 0.1652892561983471 0.10918114143920596
5 0.9223140495867769 0.7866004962779156 0.1024793388429752 0.10297766749379653
5 0.0834710743801653 0.9057071960297767 0.1669421487603306 0.1501240694789082
4 0.26776859504132233 0.913151364764268 0.5355371900826447 0.17121588089330025
5 0.9049586776859504 0.9516129032258065 0.1322314049586777 0.09305210918114144