5 0.4625 0.19212962962962962 0.030729166666666665 0.07037037037037037
4 0.34348958333333335 0.19537037037037036 0.07395833333333333 0.13425925925925927
5 0.5213541666666667 0.2300925925925926 0.027604166666666666 0.041666666666666664
5 0.31484375 0.29305555555555557 0.040625 0.12222222222222222
4 0.4895833333333333 0.32175925925925924 0.14270833333333333 0.175
5 0.2565104166666667 0.325 0.043229166666666666 0.13518518518518519
5 0.5747395833333333 0.3625 0.0390625 0.09259259259259259
5 0.4296875 0.4949074074074074 0.05677083333333333 0.1787037037037037
5 0.34348958333333335 0.5236111111111111 0.06666666666666667 0.2175925925925926
4 0.6744791666666666 0.6861111111111111 0.24270833333333333 0.35648148148148145
5 0.21458333333333332 0.07037037037037037 0.020833333333333332 0.04537037037037037
5 0.81796875 0.7481481481481481 0.08020833333333334 0.19444444444444445
4 0.30625 0.08425925925925926 0.05364583333333333 0.08518518518518518