4 0.5462809917355372 0.13213399503722084 0.02809917355371901 0.017369727047146403
4 0.6256198347107438 0.1606699751861042 0.03471074380165289 0.026054590570719603
6 0.3338842975206612 0.18734491315136476 0.0512396694214876 0.04466501240694789
6 0.5322314049586777 0.19913151364764267 0.05950413223140496 0.06327543424317618
4 0.6413223140495867 0.22766749379652607 0.05454545454545454 0.038461538461538464
4 0.7545454545454545 0.27977667493796526 0.0743801652892562 0.05707196029776675
4 0.45206611570247934 0.2853598014888337 0.08099173553719008 0.05459057071960298
4 0.6165289256198347 0.3008684863523573 0.08264462809917356 0.05831265508684864
4 0.4553719008264463 0.4522332506203474 0.15702479338842976 0.10794044665012408
4 0.15702479338842976 0.5192307692307693 0.21322314049586777 0.16501240694789082
4 0.3958677685950413 0.6687344913151365 0.24793388429752067 0.19106699751861042
4 0.543801652892562 0.09987593052109181 0.024793388429752067 0.016129032258064516
4 0.5239669421487604 0.11104218362282878 0.021487603305785124 0.013647642679900745
4 0.4900826446280992 0.11538461538461539 0.01818181818181818 0.01488833746898263