4 0.515702479338843 0.2555831265508685 0.049586776859504134 0.04466501240694789
5 0.2553719008264463 0.30831265508684863 0.03305785123966942 0.03598014888337469
4 0.39090909090909093 0.3176178660049628 0.10578512396694215 0.060794044665012405
5 0.20413223140495868 0.3535980148883375 0.04132231404958678 0.043424317617866005
4 0.4727272727272727 0.36724565756823824 0.1305785123966942 0.09925558312655088
5 0.5851239669421487 0.40260545905707196 0.03801652892561983 0.06451612903225806
4 0.19504132231404958 0.4522332506203474 0.2066115702479339 0.11786600496277916
5 0.4900826446280992 0.47766749379652607 0.047933884297520664 0.06575682382133995
0 0.6801652892561983 0.49193548387096775 0.26776859504132233 0.3771712158808933
5 0.547107438016529 0.5161290322580645 0.04297520661157025 0.09925558312655088
4 0.07272727272727272 0.6433002481389578 0.14049586776859505 0.29280397022332505
5 0.2421487603305785 0.9224565756823822 0.11074380165289256 0.15508684863523572