4 0.48925619834710743 0.1674937965260546 0.04297520661157025 0.02729528535980149
4 0.6148760330578512 0.2400744416873449 0.0628099173553719 0.03970223325062035
4 0.44958677685950416 0.3014888337468983 0.0859504132231405 0.062034739454094295
4 0.6239669421487604 0.3052109181141439 0.09917355371900827 0.08188585607940446
5 0.3140495867768595 0.36600496277915634 0.03305785123966942 0.04218362282878412
5 0.39669421487603307 0.36600496277915634 0.03305785123966942 0.04590570719602978
5 0.13636363636363635 0.380272952853598 0.03801652892561983 0.04094292803970223
5 0.7743801652892562 0.3870967741935484 0.04297520661157025 0.05955334987593052
5 0.22148760330578512 0.3883374689826303 0.03305785123966942 0.04466501240694789
5 0.2603305785123967 0.39081885856079407 0.04132231404958678 0.07816377171215881
4 0.5776859504132231 0.3920595533498759 0.12231404958677686 0.08684863523573201
5 0.2603305785123967 0.4075682382133995 0.03305785123966942 0.04590570719602978
5 0.1743801652892562 0.43734491315136476 0.049586776859504134 0.04590570719602978
5 0.4471074380165289 0.43982630272952855 0.049586776859504134 0.07444168734491315
5 0.3652892561983471 0.4485111662531017 0.05454545454545454 0.06575682382133995
4 0.9239669421487603 0.4683622828784119 0.1487603305785124 0.1501240694789082
5 0.03471074380165289 0.47022332506203474 0.04132231404958678 0.05459057071960298
4 0.20909090909090908 0.511166253101737 0.19669421487603306 0.12779156327543426
5 0.6016528925619835 0.5576923076923077 0.07768595041322314 0.08560794044665013
4 0.3537190082644628 0.7158808933002482 0.29256198347107437 0.27667493796526055
5 0.6983471074380165 0.7332506203473945 0.08264462809917356 0.1600496277915633
5 0.959504132231405 0.7915632754342432 0.08099173553719008 0.1327543424317618
4 0.04132231404958678 0.8002481389578163 0.08264462809917356 0.228287841191067