5 0.57890625 0.31157407407407406 0.0265625 0.062037037037037036
4 0.06588541666666667 0.31851851851851853 0.12864583333333332 0.22592592592592592
4 0.17786458333333333 0.32175925925925924 0.12864583333333332 0.14814814814814814
5 0.6997395833333333 0.34305555555555556 0.028645833333333332 0.06944444444444445
5 0.4080729166666667 0.36064814814814816 0.033854166666666664 0.0712962962962963
5 0.653125 0.37916666666666665 0.0265625 0.08611111111111111
5 0.7302083333333333 0.3819444444444444 0.025520833333333333 0.04814814814814815
5 0.5859375 0.4023148148148148 0.03229166666666667 0.06388888888888888
4 0.8111979166666666 0.41805555555555557 0.08489583333333334 0.14444444444444443
5 0.54921875 0.4699074074074074 0.04010416666666667 0.12407407407407407
5 0.6713541666666667 0.48194444444444445 0.03333333333333333 0.07592592592592592
5 0.24557291666666667 0.7425925925925926 0.0765625 0.16203703703703703