4 0.46942148760330576 0.3436724565756824 0.026446280991735537 0.017369727047146403
6 0.43305785123966944 0.3548387096774194 0.04462809917355372 0.04590570719602978
4 0.41487603305785126 0.39081885856079407 0.04132231404958678 0.026054590570719603
4 0.828099173553719 0.40136476426799006 0.04462809917355372 0.02977667493796526
4 0.5247933884297521 0.4150124069478908 0.049586776859504134 0.03722084367245657
5 0.6 0.4230769230769231 0.019834710743801654 0.03225806451612903
4 0.9082644628099174 0.4311414392059553 0.06115702479338843 0.04466501240694789
5 0.7785123966942149 0.4336228287841191 0.024793388429752067 0.031017369727047148
5 0.5776859504132231 0.45409429280397023 0.02809917355371901 0.03722084367245657
4 0.9702479338842975 0.46774193548387094 0.05785123966942149 0.043424317617866005
4 0.3677685950413223 0.4820099255583127 0.08429752066115702 0.062034739454094295
4 0.6859504132231405 0.49255583126550867 0.10578512396694215 0.05831265508684864
5 0.859504132231405 0.5235732009925558 0.03966942148760331 0.05583126550868486
5 0.9347107438016529 0.5341191066997518 0.03966942148760331 0.05831265508684864
4 0.3181818181818182 0.5502481389578163 0.1206611570247934 0.08064516129032258
5 0.5247933884297521 0.5862282878411911 0.04628099173553719 0.062034739454094295
5 0.9859504132231405 0.6147642679900744 0.02809917355371901 0.06451612903225806
4 0.043801652892561986 0.6271712158808933 0.08760330578512397 0.0880893300248139