4 0.16611570247933885 0.13647642679900746 0.06776859504132231 0.052109181141439205
4 0.39834710743801655 0.14702233250620347 0.0859504132231405 0.062034739454094295
5 0.03471074380165289 0.15260545905707196 0.02809917355371901 0.03970223325062035
5 0.3090909090909091 0.15260545905707196 0.026446280991735537 0.04218362282878412
5 0.2487603305785124 0.1792803970223325 0.02975206611570248 0.038461538461538464
5 0.023966942148760332 0.206575682382134 0.03636363636363636 0.04838709677419355
4 0.3504132231404959 0.21339950372208435 0.09586776859504133 0.0794044665012407
5 0.2512396694214876 0.26116625310173697 0.04132231404958678 0.0707196029776675
5 0.5239669421487604 0.3064516129032258 0.04462809917355372 0.06575682382133995
4 0.0628099173553719 0.3225806451612903 0.12396694214876033 0.1327543424317618
5 0.26859504132231404 0.36476426799007444 0.06446280991735537 0.08560794044665013
5 0.6214876033057851 0.4063275434243176 0.07107438016528926 0.08312655086848635
5 0.7834710743801653 0.4317617866004963 0.06446280991735537 0.07320099255583126
5 0.724793388429752 0.5099255583126551 0.06446280991735537 0.09801488833746898
6 0.39173553719008264 0.5477667493796526 0.31900826446280994 0.4143920595533499
5 0.8380165289256198 0.5601736972704715 0.07603305785123966 0.10173697270471464
5 0.6247933884297521 0.5837468982630273 0.07933884297520662 0.11786600496277916
5 0.9462809917355371 0.6538461538461539 0.10413223140495868 0.1315136476426799
5 0.6966942148760331 0.7400744416873449 0.11074380165289256 0.13895781637717122
4 0.9090909090909091 0.8213399503722084 0.17851239669421487 0.21339950372208435
5 0.3785123966942149 0.1011166253101737 0.021487603305785124 0.02481389578163772