4 0.584297520661157 0.17024793388429751 0.026446280991735537 0.02809917355371901
4 0.6371900826446281 0.1925619834710744 0.04297520661157025 0.04462809917355372
5 0.41487603305785126 0.2231404958677686 0.01652892561983471 0.03636363636363636
4 0.656198347107438 0.25206611570247933 0.05289256198347107 0.05289256198347107
0 0.5024793388429752 0.3074380165289256 0.12727272727272726 0.20991735537190082
5 0.6082644628099173 0.31983471074380165 0.024793388429752067 0.049586776859504134
5 0.3231404958677686 0.36611570247933883 0.03471074380165289 0.049586776859504134
5 0.628099173553719 0.4305785123966942 0.03801652892561983 0.06446280991735537
4 0.7289256198347107 0.4652892561983471 0.13884297520661157 0.1768595041322314
5 0.5677685950413223 0.5289256198347108 0.03636363636363636 0.07272727272727272
5 0.1256198347107438 0.5801652892561984 0.06115702479338843 0.09090909090909091
5 0.21735537190082643 0.6867768595041323 0.05950413223140496 0.11074380165289256
5 0.39173553719008264 0.8611570247933884 0.07933884297520662 0.14380165289256197
5 0.02727272727272727 0.8859504132231405 0.05454545454545454 0.15206611570247933