5 0.24710743801652893 0.14516129032258066 0.06115702479338843 0.0880893300248139
5 0.6033057851239669 0.15446650124069478 0.06115702479338843 0.0880893300248139
5 0.42644628099173554 0.1600496277915633 0.06942148760330578 0.10669975186104218
5 0.10826446280991736 0.1705955334987593 0.06776859504132231 0.09305210918114144
4 0.4396694214876033 0.022332506203473945 0.12231404958677686 0.04466501240694789
5 0.31983471074380165 0.24689826302729528 0.07107438016528926 0.09801488833746898
5 0.5024793388429752 0.2617866004962779 0.06446280991735537 0.10173697270471464
4 0.7966942148760331 0.46029776674937967 0.4033057851239669 0.3573200992555831
4 0.31735537190082647 0.48945409429280395 0.3338842975206612 0.3746898263027295
5 0.5148760330578512 0.08250620347394541 0.05785123966942149 0.08436724565756824
5 0.18099173553719008 0.09925558312655088 0.05785123966942149 0.0880893300248139