4 0.73984375 0.16944444444444445 0.020833333333333332 0.028703703703703703
4 0.8270833333333333 0.22361111111111112 0.034895833333333334 0.058333333333333334
5 0.6984375 0.25277777777777777 0.0125 0.041666666666666664
5 0.7361979166666667 0.2777777777777778 0.0171875 0.062037037037037036
5 0.7697916666666667 0.2916666666666667 0.018229166666666668 0.06388888888888888
4 0.8221354166666667 0.31805555555555554 0.053125 0.06018518518518518
6 0.6072916666666667 0.3912037037037037 0.14583333333333334 0.24351851851851852
4 0.7950520833333333 0.3912037037037037 0.10416666666666667 0.10185185185185185
4 0.80234375 0.5305555555555556 0.12552083333333333 0.2518518518518518
5 0.6401041666666667 0.6148148148148148 0.0421875 0.1638888888888889
5 0.4947916666666667 0.8652777777777778 0.0953125 0.23425925925925925