4 0.81171875 0.2953703703703704 0.058854166666666666 0.1
4 0.28020833333333334 0.30925925925925923 0.11614583333333334 0.13055555555555556
4 0.06536458333333334 0.32037037037037036 0.12760416666666666 0.225
4 0.17864583333333334 0.3212962962962963 0.12864583333333332 0.14814814814814814
5 0.7645833333333333 0.3416666666666667 0.017708333333333333 0.04351851851851852
5 0.7088541666666667 0.36342592592592593 0.019270833333333334 0.04351851851851852
5 0.37005208333333334 0.36712962962962964 0.046875 0.1037037037037037
4 0.6104166666666667 0.3787037037037037 0.0875 0.11851851851851852
5 0.68125 0.3837962962962963 0.021875 0.04722222222222222
4 0.8177083333333334 0.40046296296296297 0.0734375 0.12314814814814815
5 0.56015625 0.4847222222222222 0.05416666666666667 0.10277777777777777