4 0.5520661157024793 0.13213399503722084 0.05454545454545454 0.034739454094292806
4 0.6570247933884298 0.1575682382133995 0.04628099173553719 0.04218362282878412
6 0.7223140495867768 0.1780397022332506 0.08264462809917356 0.10794044665012408
0 0.41818181818181815 0.19106699751861042 0.16198347107438016 0.12655086848635236
5 0.25950413223140495 0.21277915632754343 0.026446280991735537 0.031017369727047148
5 0.17851239669421487 0.22766749379652607 0.02975206611570248 0.033498759305210915
6 0.5099173553719009 0.23573200992555832 0.09917355371900827 0.10173697270471464
4 0.6074380165289256 0.02543424317617866 0.021487603305785124 0.01488833746898263
4 0.6603305785123967 0.27791563275434245 0.10909090909090909 0.07320099255583126
6 0.6909090909090909 0.034119106699751864 0.02809917355371901 0.026054590570719603
4 0.6363636363636364 0.03535980148883375 0.024793388429752067 0.01488833746898263
4 0.7132231404958678 0.047766749379652605 0.02975206611570248 0.02109181141439206
4 0.4462809917355372 0.4968982630272953 0.19834710743801653 0.14764267990074442
4 0.6016528925619835 0.05148883374689826 0.026446280991735537 0.022332506203473945
4 0.6677685950413224 0.06451612903225806 0.03636363636363636 0.026054590570719603