4 0.37272727272727274 0.0256198347107438 0.0512396694214876 0.047933884297520664
5 0.30578512396694213 0.2603305785123967 0.047933884297520664 0.07272727272727272
4 0.03801652892561983 0.2834710743801653 0.07272727272727272 0.16363636363636364
5 0.3528925619834711 0.31157024793388427 0.03801652892561983 0.07603305785123966
5 0.31239669421487604 0.3867768595041322 0.04462809917355372 0.07933884297520662
4 0.5247933884297521 0.5454545454545454 0.22644628099173553 0.33884297520661155
5 0.20991735537190082 0.05454545454545454 0.021487603305785124 0.03966942148760331
4 0.0859504132231405 0.07024793388429752 0.07933884297520662 0.06446280991735537
5 0.15041322314049588 0.07933884297520662 0.02809917355371901 0.05454545454545454
4 0.40578512396694216 0.128099173553719 0.09421487603305785 0.10743801652892562
5 0.29338842975206614 0.1487603305785124 0.03966942148760331 0.06942148760330578