4 0.7408854166666666 0.1685185185185185 0.019791666666666666 0.027777777777777776
4 0.828125 0.22361111111111112 0.043229166666666666 0.05277777777777778
5 0.7966145833333333 0.25046296296296294 0.022395833333333334 0.040740740740740744
5 0.7588541666666667 0.2796296296296296 0.016666666666666666 0.049074074074074076
5 0.72109375 0.30277777777777776 0.019270833333333334 0.053703703703703705
4 0.81953125 0.31712962962962965 0.058333333333333334 0.058333333333333334
4 0.8205729166666667 0.38564814814814813 0.0640625 0.06574074074074074
5 0.5684895833333333 0.4046296296296296 0.03697916666666667 0.07685185185185185
5 0.6833333333333333 0.4777777777777778 0.041666666666666664 0.075
4 0.80234375 0.5277777777777778 0.12291666666666666 0.25
6 0.43828125 0.737037037037037 0.38177083333333334 0.524074074074074