5 0.4884297520661157 0.017355371900826446 0.023140495867768594 0.03471074380165289
5 0.3148760330578512 0.02231404958677686 0.02809917355371901 0.04132231404958678
4 0.20165289256198346 0.21735537190082643 0.1669421487603306 0.14380165289256197
5 0.8049586776859504 0.23057851239669422 0.047933884297520664 0.07603305785123966
5 0.4446280991735537 0.024793388429752067 0.02975206611570248 0.047933884297520664
5 0.631404958677686 0.024793388429752067 0.03140495867768595 0.049586776859504134
5 0.4066115702479339 0.02727272727272727 0.03140495867768595 0.04462809917355372
5 0.030578512396694214 0.2694214876033058 0.05950413223140496 0.08264462809917356
5 0.6710743801652893 0.2892561983471074 0.049586776859504134 0.08760330578512397
5 0.5305785123966942 0.02975206611570248 0.026446280991735537 0.05454545454545454
5 0.29669421487603304 0.4066115702479339 0.05619834710743802 0.09421487603305785
4 0.4297520661157025 0.775206611570248 0.3140495867768595 0.4462809917355372
5 0.2619834710743802 0.09421487603305785 0.026446280991735537 0.047933884297520664
5 0.3578512396694215 0.10991735537190082 0.03801652892561983 0.07107438016528926
5 0.6826446280991736 0.15206611570247933 0.03636363636363636 0.06776859504132231