5 0.6024793388429752 0.41811414392059554 0.03471074380165289 0.04466501240694789
4 0.9677685950413223 0.4621588089330025 0.0628099173553719 0.05583126550868486
5 0.33884297520661155 0.4633995037220844 0.049586776859504134 0.060794044665012405
5 0.36198347107438017 0.5148883374689827 0.06115702479338843 0.05583126550868486
5 0.4132231404958678 0.5390818858560794 0.0628099173553719 0.07568238213399504
5 0.7148760330578512 0.5415632754342432 0.04297520661157025 0.062034739454094295
5 0.11239669421487604 0.5490074441687345 0.09090909090909091 0.05459057071960298
5 0.5834710743801653 0.5502481389578163 0.05454545454545454 0.052109181141439205
5 0.8090909090909091 0.575682382133995 0.04297520661157025 0.06327543424317618
5 0.26776859504132233 0.6017369727047146 0.08264462809917356 0.06451612903225806
5 0.4462809917355372 0.6191066997518611 0.07107438016528926 0.08933002481389578
5 0.6115702479338843 0.7214640198511166 0.06942148760330578 0.07816377171215881
5 0.09173553719008265 0.739454094292804 0.15702479338842976 0.14267990074441686
4 0.8669421487603306 0.7425558312655087 0.22975206611570248 0.26054590570719605
5 0.35454545454545455 0.7648883374689827 0.11900826446280992 0.12531017369727046
5 0.4636363636363636 0.7754342431761787 0.10578512396694215 0.10794044665012408
5 0.5115702479338843 0.869727047146402 0.1256198347107438 0.13523573200992556