5 0.6546875 0.2828703703703704 0.016666666666666666 0.041666666666666664
4 0.8106770833333333 0.2986111111111111 0.0609375 0.09814814814814815
5 0.6065104166666667 0.2986111111111111 0.021875 0.05925925925925926
4 0.2796875 0.30925925925925923 0.11822916666666666 0.13148148148148148
4 0.06588541666666667 0.3212962962962963 0.12864583333333332 0.225
4 0.17916666666666667 0.3212962962962963 0.12708333333333333 0.14722222222222223
5 0.5635416666666667 0.325 0.022395833333333334 0.06111111111111111
5 0.7494791666666667 0.3449074074074074 0.01875 0.05925925925925926
4 0.81328125 0.39814814814814814 0.06666666666666667 0.1259259259259259
5 0.6111979166666667 0.4046296296296296 0.028645833333333332 0.09074074074074075
5 0.6125 0.4115740740740741 0.027083333333333334 0.06759259259259259
5 0.48020833333333335 0.5203703703703704 0.052083333333333336 0.1037037037037037