4 0.7419270833333333 0.1685185185185185 0.022395833333333334 0.030555555555555555
4 0.6921875 0.2310185185185185 0.0359375 0.044444444444444446
4 0.8231770833333333 0.23194444444444445 0.03125 0.03333333333333333
4 0.8151041666666666 0.28194444444444444 0.050520833333333334 0.06111111111111111
4 0.6911458333333333 0.29259259259259257 0.05520833333333333 0.0787037037037037
5 0.7598958333333333 0.3055555555555556 0.021354166666666667 0.05925925925925926
4 0.8138020833333334 0.3351851851851852 0.06927083333333334 0.07314814814814814
5 0.7127604166666667 0.4351851851851852 0.030729166666666665 0.10648148148148148
4 0.8028645833333333 0.4648148148148148 0.09114583333333333 0.16666666666666666
4 0.7692708333333333 0.6458333333333334 0.13489583333333333 0.28703703703703703
5 0.6263020833333334 0.6560185185185186 0.040625 0.07962962962962963
5 0.31015625 0.7166666666666667 0.09375 0.15