5 0.34010416666666665 0.17407407407407408 0.0234375 0.07407407407407407
5 0.42578125 0.1814814814814815 0.021354166666666667 0.044444444444444446
5 0.46145833333333336 0.18703703703703703 0.0265625 0.044444444444444446
5 0.30911458333333336 0.23564814814814813 0.029166666666666667 0.1
5 0.5044270833333333 0.2962962962962963 0.034375 0.0962962962962963
6 0.29192708333333334 0.04212962962962963 0.04739583333333333 0.08425925925925926
5 0.6783854166666666 0.5138888888888888 0.058854166666666666 0.11481481481481481
5 0.71171875 0.6189814814814815 0.07604166666666666 0.1675925925925926
5 0.8190104166666666 0.7305555555555555 0.0796875 0.17314814814814813
5 0.5158854166666667 0.8208333333333333 0.09895833333333333 0.3074074074074074
5 0.26953125 0.08981481481481482 0.014583333333333334 0.058333333333333334