4 0.8078125 0.29583333333333334 0.06041666666666667 0.09907407407407408
5 0.6830729166666667 0.3013888888888889 0.0171875 0.03518518518518519
4 0.2796875 0.30972222222222223 0.11770833333333333 0.13148148148148148
5 0.5450520833333333 0.3143518518518518 0.023958333333333335 0.07222222222222222
4 0.065625 0.3199074074074074 0.12864583333333332 0.22685185185185186
4 0.17734375 0.3212962962962963 0.128125 0.14814814814814814
5 0.72109375 0.32685185185185184 0.021354166666666667 0.05555555555555555
5 0.5044270833333333 0.33055555555555555 0.036458333333333336 0.09074074074074075
4 0.8153645833333333 0.39814814814814814 0.06822916666666666 0.12407407407407407
5 0.5927083333333333 0.43796296296296294 0.03333333333333333 0.0712962962962963
5 0.45026041666666666 0.5060185185185185 0.051041666666666666 0.14537037037037037
5 0.37786458333333334 0.6342592592592593 0.07291666666666667 0.18425925925925926
5 0.11119791666666666 0.6671296296296296 0.10416666666666667 0.2222222222222222
5 0.5005208333333333 0.674074074074074 0.07552083333333333 0.1712962962962963