5 0.05702479338842975 0.1327543424317618 0.04628099173553719 0.060794044665012405
5 0.019834710743801654 0.15570719602977667 0.03801652892561983 0.08064516129032258
5 0.21487603305785125 0.21836228287841192 0.06942148760330578 0.08064516129032258
5 0.1 0.23325062034739455 0.06776859504132231 0.052109181141439205
5 0.40165289256198344 0.034119106699751864 0.05785123966942149 0.05831265508684864
5 0.4066115702479339 0.3566997518610422 0.07933884297520662 0.09305210918114144
5 0.7429752066115702 0.358560794044665 0.09256198347107437 0.13399503722084366
5 0.9338842975206612 0.3616625310173697 0.10082644628099173 0.1588089330024814
4 0.09256198347107437 0.36228287841191065 0.1834710743801653 0.20843672456575682
5 0.9388429752066115 0.3964019851116625 0.07933884297520662 0.10669975186104218
5 0.6421487603305785 0.4305210918114144 0.10909090909090909 0.16377171215880892
5 0.8611570247933884 0.5099255583126551 0.08264462809917356 0.13027295285359802
5 0.6652892561983471 0.06141439205955335 0.05289256198347107 0.060794044665012405
4 0.4735537190082645 0.642059553349876 0.35206611570247937 0.27915632754342434
4 0.2892561983471074 0.07878411910669975 0.15537190082644628 0.11662531017369727
5 0.15950413223140497 0.08560794044665013 0.05454545454545454 0.07320099255583126
5 0.8520661157024794 0.8641439205955335 0.1256198347107438 0.20347394540942929
5 0.7049586776859504 0.9385856079404467 0.14380165289256197 0.1228287841191067
4 0.5322314049586777 0.09491315136476426 0.15206611570247933 0.12158808933002481