6 0.2801652892561983 0.19292803970223324 0.16198347107438016 0.1315136476426799
6 0.5553719008264463 0.21215880893300249 0.18181818181818182 0.21215880893300249
5 0.16776859504132233 0.23325062034739455 0.03801652892561983 0.06327543424317618
5 0.43140495867768597 0.2853598014888337 0.04628099173553719 0.07196029776674938
4 0.0628099173553719 0.3014888337468983 0.1256198347107438 0.13399503722084366
4 0.1537190082644628 0.03970223325062035 0.06611570247933884 0.043424317617866005
6 0.3239669421487603 0.4063275434243176 0.23801652892561984 0.33126550868486354
4 0.2809917355371901 0.04218362282878412 0.06776859504132231 0.05583126550868486
5 0.16446280991735537 0.4112903225806452 0.06942148760330578 0.08684863523573201
5 0.49669421487603305 0.4143920595533499 0.06611570247933884 0.0880893300248139
4 0.8446280991735537 0.6395781637717122 0.31074380165289256 0.2543424317617866
5 0.2371900826446281 0.7158808933002482 0.10743801652892562 0.15260545905707196
4 0.2735537190082645 0.10297766749379653 0.07603305785123966 0.04962779156327544